0.00000	0
0.00333333	0.6662609260801116
0.00666667	1.3314679621908974
0.0100000	1.9952582396371432
0.0133333	2.6572700403302596
0.0166667	3.317142993506991
0.0200000	3.9745182715074323
0.0233333	4.62903878450618
0.0266667	5.28034937409117
0.0300000	5.928097005585496
0.0333333	6.571930959008251
0.0366667	7.211503018571321
0.0400000	7.846467660610033
0.0433333	8.476482239846323
0.0466667	9.101207173884372
0.0500000	9.72030612583952
0.0533333	10.333446185002476
0.0566667	10.94029804544201
0.0600000	11.540536182450584
0.0633333	12.133839026738512
0.0666667	12.719889136283799
0.0700000	13.298373365745945
0.0733333	13.868983033353638
0.0766667	14.431414085177536
0.0800000	14.985367256701071
0.0833333	15.53054823160359
0.0866667	16.06666779767189
0.0900000	16.593441999757772
0.0933333	17.110592289701025
0.0966667	17.617845673138905
0.100000	18.11493485312505
0.103333	18.60159837048254
0.106667	19.077580740817645
0.110000	19.542632588122824
0.113333	19.996510774899363
0.116667	20.43897852873204
0.120000	20.86980556525027
0.123333	21.288768207412247
0.126667	21.69564950105038
0.130000	22.09023932661907
0.133333	22.472334507087226
0.136667	22.841738911920718
0.140000	23.198263557101853
0.143333	23.541726701135197
0.146667	23.87195393699145
0.150000	24.18877827994325
0.153333	24.49204025124903
0.156667	24.78158795764354
0.160000	25.05727716659582
0.163333	25.31897137729782
0.166667	25.566541887349274
0.170000	25.7998678551068
0.173333	26.01883635766755
0.176667	26.223342444460247
0.180000	26.413289186418865
0.183333	26.588587720716465
0.186667	26.749157291039523
0.190000	26.89492528338514
0.193333	27.025827257366338
0.196667	27.141806973012752
0.200000	27.24281641305701
0.203333	27.328815800698983
0.206667	27.399773612843013
0.210000	27.45566658880562
0.213333	27.49647973449346
0.216667	27.522206322053982
0.220000	27.532847885003793
0.223333	27.528414208841838
0.226667	27.50892331715743
0.230000	27.474401453245235
0.233333	27.424883057242
0.236667	27.360410738802138
0.240000	27.281035245331754
0.243333	27.186815425803058
0.246667	27.07781819017356
0.250000	26.954118464436817
0.253333	26.81579914133377
0.256667	26.662951026756225
0.260000	26.49567278187621
0.263333	26.31407086103726
0.266667	26.118259445446057
0.270000	25.908360372705072
0.273333	25.68450306222892
0.276667	25.446824436589687
0.280000	25.195468838838373
0.283333	24.9305879458518
0.286667	24.652340677756648
0.290000	24.360893103484152
0.293333	24.05641834251105
0.296667	23.739096462844714
0.300000	23.409114375312
0.303333	23.06666572421342
0.306667	22.711950774406457
0.310000	22.345176294883263
0.313333	21.966555438910234
0.316667	21.576307620798502
0.320000	21.174658389376198
0.323333	20.76183929823539
0.326667	20.33808777282767
0.330000	19.903646974484698
0.333333	19.45876566144094
0.336667	19.003698046938087
0.340000	18.538703654491655
0.343333	18.064047170401736
0.346667	17.5799982935918
0.350000	17.086831582860125
0.353333	16.584826301630294
0.356667	16.07426626028831
0.360000	15.555439656194968
0.363333	15.02863891146345
0.366667	14.49416050859339
0.370000	13.952304824053238
0.373333	13.403375959904412
0.376667	12.847681573561218
0.380000	12.285532705781531
0.383333	11.717243606984555
0.386667	11.143131561991899
0.390000	10.563516713289893
0.393333	9.978721882911197
0.396667	9.389072393034613
0.400000	8.794895885402681
0.403333	8.196522139656832
0.406667	7.594282890690943
0.410000	6.988511645124014
0.413333	6.379543496993301
0.416667	5.7677149427697
0.420000	5.153363695797209
0.423333	4.536828500258457
0.426667	3.918448944768879
0.430000	3.298565275701627
0.433333	2.6775182103457267
0.436667	2.0556487500000413
0.440000	1.4332979931049825
0.443333	0.8108069485147166
0.446667	0.18851634901134853
0.450000	-0.433233534836834
0.453333	-1.0541030803715261
0.456667	-1.673753497994117
0.460000	-2.29184701566785
0.463333	-2.908047062672528
0.466667	-3.5220184525116345
0.470000	-4.1334275648729655
0.473333	-4.741942526544063
0.476667	-5.34723339118452
0.480000	-5.948972317858001
0.483333	-6.5468337482277175
0.486667	-7.1404945823195165
0.490000	-7.72963435275815
0.493333	-8.31393539738291
0.496667	-8.89308303014967
0.500000	-9.466765710228
0.503333	-10.034675209202195
0.506667	-10.596506776287162
0.510000	-11.151959301470551
0.513333	-11.7007354764941
0.516667	-12.24254195358838
0.520000	-12.777089501876144
0.523333	-13.304093161361845
0.526667	-13.82327239442445
0.530000	-14.334351234734442
0.533333	-14.837058433515164
0.536667	-15.331127603071977
0.540000	-15.816297357513175
0.543333	-16.29231145058853
0.546667	-16.758918910573186
0.550000	-17.215874172126266
0.553333	-17.662937205054728
0.556667	-18.099873639915742
0.560000	-18.526454890391854
0.563333	-18.942458272375294
0.566667	-19.347667119699793
0.570000	-19.741870896460178
0.573333	-20.12486530586138
0.576667	-20.496452395541354
0.580000	-20.856440659313844
0.583333	-21.20464513527863
0.586667	-21.540887500249973
0.590000	-21.8649961604549
0.593333	-22.176806338455737
0.596667	-22.47616015625334
0.600000	-22.7629067145293
0.603333	-23.036902167987954
0.606667	-23.298009796760816
0.610000	-23.54610007383871
0.613333	-23.781050728498517
0.616667	-24.00274680569416
0.620000	-24.211080721383464
0.623333	-24.405952313764878
0.626667	-24.58726889040015
0.630000	-24.754945271201404
0.633333	-24.908903827263664
0.636667	-25.049074515525536
0.640000	-25.175394909243444
0.643333	-25.287810224267417
0.646667	-25.386273341107945
0.650000	-25.47074482278644
0.653333	-25.541192928463865
0.656667	-25.597593622844435
0.660000	-25.63993058135357
0.663333	-25.668195191091655
0.666667	-25.682386547567546
0.670000	-25.68251144721784
0.673333	-25.668584375720435
0.676667	-25.640627492113147
0.680000	-25.59867060873035
0.683333	-25.542751166973012
0.686667	-25.472914208929588
0.690000	-25.38921234486777
0.693333	-25.291705716618917
0.696667	-25.180461956879725
0.700000	-25.055556144457306
0.703333	-24.917070755486698
0.706667	-24.76509561065138
0.710000	-24.59972781843999
0.713333	-24.42107171447433
0.716667	-24.229238796945843
0.720000	-24.024347658200078
0.723333	-23.80652391251042
0.726667	-23.575900120084633
0.730000	-23.332615707349593
0.733333	-23.076816883561786
0.736667	-22.808656553792964
0.740000	-22.528294228342293
0.743333	-22.23589592862822
0.746667	-21.93163408961526
0.750000	-21.615687458832795
0.753333	-21.288240992044255
0.756667	-20.949485745627634
0.760000	-20.59961876572966
0.763333	-20.238842974257015
0.766667	-19.867367051771073
0.770000	-19.48540531735286
0.773333	-19.093177605507197
0.776667	-18.690909140176736
0.780000	-18.278830405937274
0.783333	-17.85717701644844
0.786667	-17.42618958023383
0.790000	-16.986113563867328
0.793333	-16.537199152642966
0.796667	-16.07970110880705
0.800000	-15.613878627432868
0.803333	-15.13999519001905
0.806667	-14.658318415894305
0.810000	-14.16911991151172
0.813333	-13.67267511771765
0.816667	-13.16926315508075
0.820000	-12.659166667367407
0.823333	-12.14267166325194
0.826667	-11.620067356349063
0.830000	-11.091646003658544
0.833333	-10.557702742511927
0.836667	-10.018535426111786
0.840000	-9.474444457755427
0.843333	-8.925732623834714
0.846667	-8.372704925704948
0.850000	-7.815668410515599
0.853333	-7.254932001096937
0.856667	-6.690806324996407
0.860000	-6.123603542759008
0.863333	-5.553637175546777
0.866667	-4.981221932192076
0.870000	-4.406673535780117
0.873333	-3.830308549855789
0.876667	-3.252444204350534
0.880000	-2.6733982213250487
0.883333	-2.093488640622304
0.886667	-1.5130336455278097
0.890000	-0.9323513885314425
0.893333	-0.3517598172863239
0.896667	0.22842349913994955
0.900000	0.807881543627303
0.903333	1.386298023883684
0.906667	1.9633575447503329
0.910000	2.53874577983772
0.913333	3.1121496423991393
0.916667	3.6832574553494455
0.920000	4.2517591203363825
0.923333	4.8173462857733345
0.926667	5.379712513742367
0.930000	5.938553445677754
0.933333	6.493566966740197
0.936667	7.04445336879334
0.940000	7.590915511895153
0.943333	8.13265898421658
0.946667	8.66939226030257
0.950000	9.200826857589835
0.953333	9.726677491097778
0.956667	10.246662226210065
0.960000	10.7605026294648
0.963333	11.267923917273187
0.966667	11.768655102487235
0.970000	12.262429138738826
0.973333	12.748983062473128
0.976667	13.228058132601173
0.980000	13.699399967697977
0.983333	14.16275868067286
0.986667	14.617889010841967
0.990000	15.064550453332402
0.993333	15.502507385750727
0.996667	15.931529192048902
1.00000	16.351390383522666
1.00333	16.761870716879937
1.00667	17.16275530931646
1.01000	17.55383475053993
1.01333	17.934905211683805
1.01667	18.305768551054555
1.02000	18.666232416658136
1.02333	19.016110345452212
1.02667	19.35522185927394
1.03000	19.68339255739397
1.03333	20.000454205649124
1.03667	20.306244822109342
1.04000	20.60060875923503
1.04333	20.88339678248337
1.04667	21.154466145324932
1.05000	21.41368066063244
1.05333	21.660910768407177
1.05667	21.896033599809023
1.06000	22.118933037459435
1.06333	22.329499771988093
1.06667	22.527631354796046
1.07000	22.713232247010488
1.07333	22.886213864608393
1.07667	23.046494619688183
1.08000	23.19399995787071
1.08333	23.328662391813552
1.08667	23.450421530823714
1.09000	23.55922410655694
1.09333	23.65502399479366
1.09667	23.737782233283383
1.10000	23.807467035652216
1.10333	23.86405380136975
1.10667	23.907525121773975
1.11000	23.93787078215508
1.11333	23.955087759900962
1.11667	23.959180218709655
1.12000	23.95015949887578
1.12333	23.928044103660568
1.12667	23.892859681756757
1.13000	23.844639005862177
1.13333	23.78342194737767
1.13667	23.709255447247234
1.14000	23.62219348296034
1.14333	23.52229703173844
1.14667	23.409634029929705
1.15000	23.284279328638313
1.15333	23.146314645616137
1.15667	22.995828513447368
1.16000	22.832916224058096
1.16333	22.65767976958492
1.16667	22.470227779638883
1.17000	22.27067545500272
1.17333	22.059144497801377
1.17667	21.83576303818755
1.18000	21.600665557586275
1.18333	21.353992808543737
1.18667	21.095891731227898
1.19000	20.826515366630144
1.19333	20.546022766518558
1.19667	20.254578900195884
1.20000	19.952354558116077
1.20333	19.639526252415628
1.20667	19.316276114417416
1.21000	18.982791789165997
1.21333	18.639266327055243
1.21667	18.285898072610824
1.22000	17.92289055049087
1.22333	17.55045234877067
1.22667	17.168796999577495
1.23000	16.778142857143855
1.23333	16.37871297334885
1.23667	15.97073497081774
1.24000	15.554440913652027
1.24333	15.130067175863463
1.24667	14.697854307585795
1.25000	14.25804689913988
1.25333	13.810893443029642
1.25667	13.356646193944929
1.26000	12.895561026851016
1.26333	12.427897293244815
1.26667	11.953917675656747
1.27000	11.473888040480933
1.27333	10.988077289216104
1.27667	10.496757208199382
1.28000	10.000202316916749
1.28333	9.498689714976061
1.28667	8.992498927826059
1.29000	8.481911751307376
1.29333	7.9672120951232985
1.29667	7.448685825314682
1.30000	6.9266206058285675
1.30333	6.401305739265953
1.30667	5.873032006898546
1.31000	5.342091508042002
1.31333	4.808777498873496
1.31667	4.27338423078385
1.32000	3.736206788352162
1.32333	3.197540927032087
1.32667	2.657682910638953
1.33000	2.116929348727249
1.33333	1.5755770339468367
1.33667	1.0339227794672647
1.34000	0.49226325655943703
1.34333	-0.04910516757740259
1.34667	-0.5898865916545242
1.35000	-1.1297857417097887
1.35333	-1.6685081320140966
1.35667	-2.205760225379467
1.36000	-2.7412495927826788
1.36333	-3.274685072217442
1.36667	-3.8057769266886057
1.37000	-4.334237001263592
1.37333	-4.859778879095728
1.37667	-5.3821180363348144
1.38000	-5.900971995842044
1.38333	-6.41606047962601
1.38667	-6.927105559917647
1.39000	-7.433831808802717
1.39333	-7.935966446332469
1.39667	-8.433239487031521
1.40000	-8.925383884725417
1.40333	-9.412135675610251
1.40667	-9.89323411948785
1.41000	-10.368421839090699
1.41333	-10.837444957423077
1.41667	-11.300053233044979
1.42000	-11.75600019322658
1.42333	-12.205043264903246
1.42667	-12.646943903361421
1.43000	-13.08146771858694
1.43333	-13.508384599209947
1.43667	-13.92746883398009
1.44000	-14.338499230708837
1.44333	-14.74125923261625
1.44667	-15.13553703202083
1.45000	-15.521125681313658
1.45333	-15.897823201158564
1.45667	-16.26543268586175
1.46000	-16.623762405856695
1.46333	-16.972625907250947
1.46667	-17.311842108383193
1.47000	-17.641235393341372
1.47333	-17.96063570239323
1.47667	-18.269878619283546
1.48000	-18.568805455353225
1.48333	-18.857263330437448
1.48667	-19.135105250502214
1.49000	-19.40219018198017
1.49333	-19.658383122767866
1.49667	-19.903555169850037
1.50000	-20.137583583516744
1.50333	-20.360351848141548
1.50667	-20.57174972949188
1.51000	-20.771673328543137
1.51333	-20.96002513177067
1.51667	-21.13671405789622
1.52000	-21.301655501066826
1.52333	-21.454771370445634
1.52667	-21.59599012619753
1.53000	-21.725246811853257
1.53333	-21.84248308303772
1.53667	-21.94764723255117
1.54000	-22.04069421179288
1.54333	-22.12158564851942
1.54667	-22.19028986093185
1.55000	-22.246781868087524
1.55333	-22.2910433966351
1.55667	-22.323062883872375
1.56000	-22.342835477129437
1.56333	-22.35036302948117
1.56667	-22.345654091795147
1.57000	-22.328723901123208
1.57333	-22.299594365446797
1.57667	-22.25829404478812
1.58000	-22.204858128701325
1.58333	-22.139328410159695
1.58667	-22.06175325585685
1.59000	-21.972187572942047
1.59333	-21.87069277221122
1.59667	-21.75733672777793
1.60000	-21.63219373324953
1.60333	-21.495344454436403
1.60667	-21.34687587862377
1.61000	-21.186881260437083
1.61333	-21.01546006433446
1.61667	-20.832717903760983
1.62000	-20.638766477001624
1.62333	-20.433723499771194
1.62667	-20.21771263458182
1.63000	-19.99086341692982
1.63333	-19.75331117834538
1.63667	-19.50519696635086
1.64000	-19.246667461374553
1.64333	-18.97787489066806
1.64667	-18.698976939278257
1.65000	-18.41013665812509
1.65333	-18.111522369238532
1.65667	-17.80330756820958
1.66000	-17.48567082391171
1.66333	-17.15879567555011
1.66667	-16.822870527098
1.67000	-16.4780885391807
1.67333	-16.12464751846865
1.67667	-15.762749804643244
1.68000	-15.392602154999196
1.68333	-15.014415626749207
1.68667	-14.628405457098093
1.69000	-14.23479094115363
1.69333	-13.83379530774356
1.69667	-13.425645593209032
1.70000	-13.01057251324514
1.70333	-12.588810332860962
1.70667	-12.160596734532323
1.71000	-11.726172684621279
1.71333	-11.285782298136507
1.71667	-10.839672701911647
1.72000	-10.38809389627664
1.72333	-9.931298615300552
1.72667	-9.469542185682926
1.73000	-9.003082384372586
1.73333	-8.53217929499347
1.73667	-8.057095163156681
1.74000	-7.578094250739085
1.74333	-7.095442689210396
1.74667	-6.609408332088092
1.75000	-6.120260606603093
1.75333	-5.628270364658557
1.75667	-5.1337097331624015
1.76000	-4.636851963817435
1.76333	-4.137971282451941
1.76667	-3.637342737972734
1.77000	-3.135242051023771
1.77333	-2.6319454624348824
1.77667	-2.127729581541785
1.78000	-1.622871234461639
1.78333	-1.117647312407278
1.78667	-0.6123346201224289
1.79000	-0.107209724521057
1.79333	0.39745119638617254
1.79667	0.901372504196954
1.80000	1.4042792503704267
1.80333	1.9058973259483085
1.80667	2.4059536106609882
1.81000	2.9041761213386255
1.81333	3.4002941595466565
1.81667	3.894038458365668
1.82000	4.385141328235819
1.82333	4.873336801787677
1.82667	5.358360777580931
1.83000	5.839951162673124
1.83333	6.317848013942293
1.83667	6.791793678087134
1.84000	7.261532930229116
1.84333	7.726813111043043
1.84667	8.187384262341485
1.85000	8.642999261041409
1.85333	9.093413951440972
1.85667	9.53838727573562
1.86000	9.97768140270445
1.86333	10.411061854498035
1.86667	10.838297631460186
1.87000	11.259161334917344
1.87333	11.673429287871318
1.87667	12.080881653530273
1.88000	12.481302551615984
1.88333	12.874480172386598
1.88667	13.260206888313595
1.89000	13.638279363355256
1.89333	14.00849865976904
1.89667	14.370670342407072
1.90000	14.724604580439877
1.90333	15.070116246455953
1.90667	15.407025012885413
1.91000	15.735155445697387
1.91333	16.054337095323362
1.91667	16.364404584759207
1.92000	16.66519769480043
1.92333	16.956561446367598
1.92667	17.23834617987912
1.93000	17.510407631631697
1.93333	17.772607007149425
1.93667	18.024811051464408
1.94000	18.266892116293977
1.94333	18.498728224080775
1.94667	18.72020312886375
1.95000	18.93120637395038
1.95333	19.13163334636166
1.95667	19.321385328023418
1.96000	19.50036954367926
1.96333	19.668499205502673
1.96667	19.825693554386724
1.97000	19.971877897892735
1.97333	20.106983644840223
1.97667	20.23094833652296
1.98000	20.343715674537414
1.98333	20.445235545211734
1.98667	20.535464040625776
1.99000	20.614363476213878
1.99333	20.68190240494432
1.99667	20.73805562807148
2.00000	20.782804202458138
2.00333	20.816135444467484
2.00667	20.838042930426358
2.01000	20.84852649366295
2.01333	20.847592218124078
2.01667	20.83525242857922
2.02000	20.811525677420004
2.02333	20.77643672806605
2.02667	20.73001653498968
2.03000	20.672302220373975
2.03333	20.603337047420357
2.03667	20.52317039032385
2.04000	20.431857700935826
2.04333	20.329460472135985
2.04667	20.216046197936887
2.05000	20.091688330346436
2.05333	19.956466233015014
2.05667	19.810465131696223
2.06000	19.653776061551447
2.06333	19.486495811330478
2.06667	19.30872686446174
2.07000	19.12057733708786
2.07333	18.922160913083395
2.07667	18.713596776093446
2.08000	18.495009538633674
2.08333	18.266529168293065
2.08667	18.02829091108333
2.09000	17.780435211979288
2.09333	17.523107632697307
2.09667	17.256458766759103
2.10000	16.980644151890008
2.10333	16.69582417980335
2.10667	16.40216400342187
2.11000	16.09983344159027
2.11333	15.789006881333535
2.11667	15.469863177716865
2.12000	15.14258555136455
2.12333	14.807361483696488
2.12667	14.464382609941733
2.13000	14.11384460998996
2.13333	13.755947097143146
2.13667	13.390893504830032
2.14000	13.01889097134748
2.14333	12.640150222694711
2.14667	12.254885453564981
2.15000	11.863314206562842
2.15333	11.465657249715083
2.15667	11.0621384523429
2.16000	10.652984659365957
2.16333	10.238425564108775
2.16667	9.818693579679934
2.17000	9.394023708995913
2.17333	8.9646534135233
2.17667	8.530822480811006
2.18000	8.092772890886957
2.18333	7.650748681593383
2.18667	7.20499581293588
2.19000	6.755762030520832
2.19333	6.30329672815717
2.19667	5.847850809698549
2.20000	5.389676550202513
2.20333	4.929027456482404
2.20667	4.4661581271303215
2.21000	4.001324112087519
2.21333	3.5347817718389565
2.21667	3.066788136310652
2.22000	2.5976007635465703
2.22333	2.1274775982426872
2.22667	1.6566768302158903
2.23000	1.1854567528855047
2.23333	0.7140756218442179
2.23667	0.24279151359598425
2.24000	-0.22813781546156364
2.24333	-0.6984550697341574
2.24667	-1.1679035547296681
2.25000	-1.6362273168831905
2.25333	-2.1031712828321067
2.25667	-2.568481398065164
2.26000	-3.03190476487098
2.26333	-3.4931897795108355
2.26667	-3.9520862685412275
2.27000	-4.408345624213107
2.27333	-4.861720938874391
2.27667	-5.311967138303148
2.28000	-5.758841113899486
2.28333	-6.202101853665829
2.28667	-6.641510571903848
2.29000	-7.076830837559297
2.29333	-7.5078287011460905
2.29667	-7.93427282018074
2.30000	-8.35593458306124
2.30333	-8.772588231323244
2.30667	-9.184010980208686
2.31000	-9.589983137482568
2.31333	-9.990288220435106
2.31667	-10.384713071006564
2.32000	-10.773047968973641
2.32333	-11.155086743138636
2.32667	-11.53062688046084
2.33000	-11.899469633073835
2.33333	-12.261420123132217
2.33667	-12.616287445432182
2.34000	-12.963884767752408
2.34333	-13.304029428862648
2.34667	-13.636543034148758
2.35000	-13.961251548804631
2.35333	-14.277985388541754
2.35667	-14.58657950777039
2.36000	-14.886873485206205
2.36333	-15.178711606857586
2.36667	-15.46194294635242
2.37000	-15.736421442561815
2.37333	-16.002005974481406
2.37667	-16.258560433332597
2.38000	-16.505953791846814
2.38333	-16.74406017069743
2.38667	-16.97275890204676
2.39000	-17.191934590175666
2.39333	-17.401477169165922
2.39667	-17.60128195760676
2.40000	-17.791249710298846
2.40333	-17.97128666693019
2.40667	-18.141304597700902
2.41000	-18.30122084587479
2.41333	-18.450958367237583
2.41667	-18.59044576644358
2.42000	-18.719617330234108
2.42333	-18.838413057512447
2.42667	-18.946778686262586
2.43000	-19.044665717299925
2.43333	-19.13203143484436
2.43667	-19.208838923907855
2.44000	-19.275057084490008
2.44333	-19.330660642577584
2.44667	-19.37563015794483
2.45000	-19.409952028754006
2.45333	-19.43361849295669
2.45667	-19.44662762649844
2.46000	-19.448983338331182
2.46333	-19.440695362239335
2.46667	-19.421779245487322
2.47000	-19.39225633429812
2.47333	-19.352153756174037
2.47667	-19.301504399072567
2.48000	-19.240346887452077
2.48333	-19.168725555203615
2.48667	-19.086690415486892
2.49000	-18.99429712749015
2.49333	-18.8916069601352
2.49667	-18.778686752750808
2.50000	-18.655608872739055
2.50333	-18.522451170260673
2.50667	-18.379296929967623
2.51000	-18.226234819812213
2.51333	-18.0633588369636
2.51667	-17.890768250864674
2.52000	-17.708567543463055
2.52333	-17.516866346652087
2.52667	-17.31577937695865
2.53000	-17.10542636751677
2.53333	-16.88593199736669
2.53667	-16.65742581812105
2.54000	-16.420042178041154
2.54333	-16.173920143567006
2.54667	-15.919203418347468
2.55000	-15.65604025981662
2.55333	-15.384583393365077
2.55667	-15.104989924155579
2.56000	-14.817421246633483
2.56333	-14.522042951783908
2.56667	-14.219024732188828
2.57000	-13.908540284938525
2.57333	-13.590767212451823
2.57667	-13.26588692126291
2.58000	-12.934084518831218
2.58333	-12.595548708433077
2.58667	-12.250471682194835
2.59000	-11.899049012327511
2.59333	-11.541479540625343
2.59667	-11.177965266288794
2.60000	-10.808711232136599
2.60333	-10.433925409270483
2.60667	-10.053818580256632
2.61000	-9.668604220889742
2.61333	-9.278498380606305
2.61667	-8.883719561613288
2.62000	-8.484488596799242
2.62333	-8.081028526497674
2.62667	-7.673564474169339
2.63000	-7.262323521073431
2.63333	-6.847534579997822
2.63667	-6.429428268117247
2.64000	-6.00823677905081
2.64333	-5.5841937541892595
2.64667	-5.1575341533633585
2.65000	-4.728494124924351
2.65333	-4.297310875309245
2.65667	-3.864222538161458
2.66000	-3.42946804307991
2.66333	-2.9932869840683516
2.66667	-2.555919487757352
2.67000	-2.1176060814708726
2.67333	-1.6785875612107843
2.67667	-1.239104859630307
2.68000	-0.7993989140696135
2.68333	-0.3597105347254139
2.68667	0.07971972697383503
2.69000	0.5186517097142813
2.69333	0.9568457732943519
2.69667	1.3940629292014364
2.70000	1.8300649706969048
2.70333	2.264614602339127
2.70667	2.6974755688732084
2.71000	3.128412783418916
2.71333	3.557192454886372
2.71667	3.9835822145510122
2.72000	4.40735124171929
2.72333	4.828270388417695
2.72667	5.246112303036909
2.73000	5.660651552865823
2.73333	6.071664745448549
2.73667	6.478930648699641
2.74000	6.8822303097129405
2.74333	7.281347172200749
2.74667	7.6760671924999215
2.75000	8.066178954082941
2.75333	8.451473780513965
2.75667	8.831745846787978
2.76000	9.206792288994933
2.76333	9.576413312250448
2.76667	9.940412296835392
2.77000	10.298595902488394
2.77333	10.650774170796467
2.77667	10.996760625628882
2.78000	11.336372371562364
2.78333	11.669430190244992
2.78667	11.995758634648546
2.79000	12.315186121159858
2.79333	12.627545019463312
2.79667	12.93267174016719
2.80000	13.230406820128218
2.80333	13.5205950054308
2.80667	13.803085331976755
2.81000	14.077731203644714
2.81333	14.344390467979007
2.81667	14.602925489368738
2.82000	14.853203219679846
2.82333	15.09509526630411
2.82667	15.328477957590673
2.83000	15.553232405626542
2.83333	15.769244566335109
2.83667	15.97640529686203
2.84000	16.174610410220343
2.84333	16.36376072716701
2.84667	16.54376212528649
2.85000	16.71452558525643
2.85333	16.87596723427322
2.85667	17.028008386617138
2.86000	17.170575581337324
2.86333	17.303600617039
2.86667	17.427020583757056
2.87000	17.540777891901776
2.87333	17.64482029826318
2.87667	17.73910092906363
2.88000	17.823578300048638
2.88333	17.89821633360806
2.88667	17.96298437292145
2.89000	18.017857193122843
2.89333	18.062815009481977
2.89667	18.09784348260054
2.90000	18.122933720623713
2.90333	18.13808227846887
2.90667	18.143291154074923
2.91000	18.138567781677526
2.91333	18.123925022116786
2.91667	18.099381150185945
2.92000	18.064959839030948
2.92333	18.020690141612548
2.92667	17.966606469244077
2.93000	17.902748567219692
2.93333	17.82916148754938
2.93667	17.745895558818717
2.94000	17.653006353192797
2.94333	17.550554650585333
2.94667	17.438606400015484
2.95000	17.317232678176488
2.95333	17.186509645241514
2.95667	17.04651849793408
2.96000	16.89734541989115
2.96333	16.739081529349182
2.96667	16.57182282418436
2.97000	16.395670124339887
2.97333	16.210729011674438
2.97667	16.017109767267495
2.98000	15.814927306218618
2.98333	15.604301109978291
2.98667	15.385355156250771
2.99000	15.158217846509222
2.99333	14.923021931165419
2.99667	14.679904432437485
3.00000	14.4290065649602
3.00333	14.170473654183633
3.00667	13.904455052606746
3.01000	13.631104053894777
3.01333	13.350577804928704
3.01667	13.063037215837753
3.02000	12.768646868065982
3.02333	12.467574920525
3.02667	12.159993013886835
3.03000	11.846076173070385
3.03333	11.526002707977359
3.03667	11.1999541125336
3.04000	10.868114962092847
3.04333	10.530672809260409
3.04667	10.187818078195843
3.05000	9.839743957454072
3.05333	9.486646291424199
3.05667	9.128723470428291
3.06000	8.766176319540648
3.06333	8.399207986189749
3.06667	8.028023826606082
3.07000	7.652831291178844
3.07333	7.273839808785579
3.07667	6.891260670158668
3.08000	6.505306910354401
3.08333	6.116193190388671
3.08667	5.724135678105897
3.09000	5.329351928346313
3.09333	4.932060762479289
3.09667	4.532482147367189
3.10000	4.130837073828294
3.10333	3.7273474346655187
3.10667	3.3222359023272836
3.11000	2.915725806268434
3.11333	2.5080410100790393
3.11667	2.0994057884478505
3.12000	1.690044704027504
3.12333	1.280182484270746
3.12667	0.8700438983030644
3.13000	0.4598536338999667
3.13333	0.049836174636619754
3.13667	-0.3597843227243012
3.14000	-0.7687841505387779
3.14333	-1.176940172215403
3.14667	-1.584029943710668
3.15000	-1.9898318345199335
3.15333	-2.394125148097485
3.15667	-2.7966902416415396
3.16000	-3.1973086451788437
3.16333	-3.5957631798834924
3.16667	-3.9918380755680745
3.17000	-4.385319087281895
3.17333	-4.775993610953844
3.17667	-5.163650798018332
3.18000	-5.548081668961805
3.18333	-5.929079225729462
3.18667	-6.306438562930996
3.19000	-6.679956977786853
3.19333	-7.0494340787553345
3.19667	-7.414671892782797
3.20000	-7.775474971119581
3.20333	-8.131650493645596
3.20667	-8.483008371649191
3.21000	-8.829361349005795
3.21333	-9.170525101701761
3.21667	-9.506318335651041
3.22000	-9.836562882752826
3.22333	-10.161083795139637
3.22667	-10.479709437565816
3.23000	-10.792271577887698
3.23333	-11.098605475588979
3.23667	-11.398549968303376
3.24000	-11.691947556290284
3.24333	-11.97864448481921
3.24667	-12.258490824419713
3.25000	-12.531340548955395
3.25333	-12.797051611481495
3.25667	-13.055486017847056
3.26000	-13.306509898003114
3.26333	-13.549993574980999
3.26667	-13.785811631504846
3.27000	-14.01384297420459
3.27333	-14.233970895396928
3.27667	-14.446083132402501
3.28000	-14.650071924370025
3.28333	-14.845834066578252
3.28667	-15.033270962189013
3.29000	-15.212288671425469
3.29333	-15.382797958151633
3.29667	-15.544714333830035
3.30000	-15.697958098836205
3.30333	-15.842454381110603
3.30667	-15.978133172128787
3.31000	-16.10492936017353
3.31333	-16.222782760893345
3.31667	-16.33163814513339
3.32000	-16.431445264026387
3.32333	-16.522158871332692
3.32667	-16.60373874302023
3.33000	-16.676149694076134
3.33333	-16.739361592544157
3.33667	-16.793349370782725
3.34000	-16.838093033940567
3.34333	-16.87357766564795
3.34667	-16.899793430923463
3.35000	-16.91673557629767
3.35333	-16.92440442715614
3.35667	-16.922805382306613
3.36000	-16.911948905775812
3.36333	-16.8918505158434
3.36667	-16.862530771321936
3.37000	-16.82401525509314
3.37333	-16.77633455491237
3.37667	-16.71952424149458
3.38000	-16.653624843896598
3.38333	-16.578681822212022
3.38667	-16.494745537596362
3.39000	-16.40187121964168
3.39333	-16.300118931121283
3.39667	-16.18955353012647
3.40000	-16.070244629618742
3.40333	-15.94226655442237
3.40667	-15.805698295683394
3.41000	-15.660623462822489
3.41333	-15.507130233011063
3.41667	-15.345311298200036
3.42000	-15.175263809733433
3.42333	-14.997089320579487
3.42667	-14.810893725212997
3.43000	-14.616787197184669
3.43333	-14.414884124413613
3.43667	-14.205303042241265
3.44000	-13.988166564285049
3.44333	-13.763601311132428
3.44667	-13.531737836916212
3.45000	-13.292710553813851
3.45333	-13.046657654513627
3.45667	-12.793721032693094
3.46000	-12.534046201554407
3.46333	-12.26778221046381
3.46667	-11.995081559742527
3.47000	-11.716100113657708
3.47333	-11.430997011662758
3.47667	-11.139934577937613
3.48000	-10.843078229280398
3.48333	-10.54059638140166
3.48667	-10.232660353675303
3.49000	-9.919444272399197
3.49333	-9.601124972619957
3.49667	-9.277881898577455
3.50000	-8.949897002824748
3.50333	-8.617354644079965
3.50667	-8.28044148386709
3.51000	-7.939346382004248
3.51333	-7.594260290996881
3.51667	-7.245376149395527
3.52000	-6.89288877417731
3.52333	-6.536994752210727
3.52667	-6.177892330864568
3.53000	-5.815781307821721
3.53333	-5.450862920158019
3.53667	-5.083339732749102
3.54000	-4.7134155260660044
3.54333	-4.3412951834215034
3.54667	-3.9671845777299515
3.55000	-3.5912904578427587
3.55333	-3.213820334522299
3.55667	-2.834982366116626
3.56000	-2.4549852439987325
3.56333	-2.0740380778321357
3.56667	-1.6923502807265969
3.57000	-1.3101314543465779
3.57333	-0.92759127403547
3.57667	-0.5449393740180747
3.58000	-0.16238523274493838
3.58333	0.21986194156003122
3.58667	0.6015933250853336
3.59000	0.9826005922895187
3.59333	1.362676029367886
3.59667	1.7416126472673088
3.60000	2.1192042941881715
3.60333	2.4952457675107094
3.60667	2.869532925087026
3.61000	3.241862795837674
3.61333	3.612033689592559
3.61667	3.979845306117935
3.62000	4.345098843269823
3.62333	4.707597104215925
3.62667	5.067144603668214
3.63000	5.42354767306945
3.63333	5.776614564676298
3.63667	6.126155554484364
3.64000	6.471983043939207
3.64333	6.813911660379254
3.64667	7.151758356156867
3.65000	7.485342506385007
3.65333	7.8144860052567
3.65667	8.139013360886972
3.66000	8.458751788626587
3.66333	8.773531302797256
3.66667	9.083184806801503
3.67000	9.387548181558047
3.67333	9.686460372216404
3.67667	9.97976347310563
3.68000	10.267302810871879
3.68333	10.548927025761675
3.68667	10.824488151007651
3.69000	11.093841690276175
3.69333	11.356846693135813
3.69667	11.613365828507652
3.70000	11.863265456059343
3.70333	12.10641569550603
3.70667	12.34269049378221
3.71000	12.571967690049883
3.71333	12.794129078510396
3.71667	13.009060468986885
3.72000	13.21665174524706
3.72333	13.416796921036806
3.72667	13.609394193795907
3.73000	13.794345996029245
3.73333	13.971559044307673
3.73667	14.140944385874358
3.74000	14.302417442833175
3.74333	14.455898053897993
3.74667	14.601310513682076
3.75000	14.738583609508911
3.75333	14.86765065572688
3.75667	14.988449525511442
3.76000	15.100922680140204
3.76333	15.205017195727333
3.76667	15.300684787405325
3.77000	15.387881830943588
3.77333	15.466569381794724
3.77667	15.536713191560628
3.78000	15.59828372187206
3.78333	15.651256155676975
3.78667	15.695610405933817
3.79000	15.731331121707928
3.79333	15.758407691670323
3.79667	15.77683424499969
3.80000	15.786609649689694
3.80333	15.787737508265263
3.80667	15.78022615091289
3.81000	15.764088626031347
3.81333	15.739342688210693
3.81667	15.706010783648768
3.82000	15.66412003301582
3.82333	15.613702211779323
3.82667	15.554793728002291
3.83000	15.487435597629958
3.83333	15.411673417280824
3.83667	15.327557334559685
3.84000	15.235142015911231
3.84333	15.134486612034625
3.84667	15.025654720880365
3.85000	14.908714348251953
3.85333	14.783737866036953
3.85667	14.650801968092221
3.86000	14.509987623810037
3.86333	14.361380029393189
3.86667	14.205068556867598
3.87000	14.041146700863106
3.87333	13.869712023193605
3.87667	13.690866095269294
3.88000	13.50471443837454
3.88333	13.311366461846736
3.88667	13.110935399191481
3.89000	12.903538242171738
3.89333	12.689295672908797
3.89667	12.468331994034468
3.90000	12.240775056934389
3.90333	12.006756188124342
3.90667	11.766410113800985
3.91000	11.51987488261063
3.91333	11.267291786680314
3.91667	11.00880528095588
3.92000	10.744562900892557
3.92333	10.47471517854606
3.92667	10.199415557110296
3.93000	9.918820303951048
3.93333	9.63308842218412
3.93667	9.342381560848617
3.94000	9.046863923725025
3.94333	8.746702176850068
3.94667	8.442065354780024
3.95000	8.133124765655143
3.95333	7.820053895118209
3.95667	7.503028309141205
3.96000	7.182225555814648
3.96333	6.857825066153252
3.96667	6.53000805397471
3.97000	6.198957414906398
3.97333	5.864857624576209
3.97667	5.527894636044542
3.98000	5.188255776533973
3.98333	4.846129643513942
3.98667	4.501706000197644
3.99000	4.155175670509733
3.99333	3.8067304335818912
3.99667	3.456562917835229
4.00000	3.1048664947076134
4.00333	2.751835172084138
4.00667	2.397663487489812
4.01000	2.0425464011032255
4.01333	1.6866791886488617
4.01667	1.3302573342287078
4.02000	0.9734764231497218
4.02333	0.616532034807344
4.02667	0.2596196356832963
4.03000	-0.09706552748499936
4.03333	-0.45332853430309894
4.03667	-0.8089748970308295
4.04000	-1.163810666544863
4.04333	-1.5176425378990688
4.04667	-1.8702779554218356
4.05000	-2.2215252172948174
4.05333	-2.5711935795570486
4.05667	-2.9190933594765625
4.06000	-3.2650360382349617
4.06333	-3.608834362868649
4.06667	-3.9503024474116777
4.07000	-4.2892558731871295
4.07333	-4.625511788190328
4.07667	-4.958889005513722
4.08000	-5.289208100757249
4.08333	-5.6162915083750935
4.08667	-5.939963616904704
4.09000	-6.260050863028161
4.09333	-6.576381824416552
4.09667	-6.888787311305485
4.10000	-7.197100456755533
4.10333	-7.501156805547898
4.10667	-7.800794401668016
4.11000	-8.09585387433285
4.11333	-8.386178522512354
4.11667	-8.671614397905094
4.12000	-8.952010386320325
4.12333	-9.227218287425753
4.12667	-9.497092892818923
4.13000	-9.761492062379807
4.13333	-10.020276798866867
4.13667	-10.273311320715084
4.14000	-10.520463133000495
4.14333	-10.761603096532038
4.14667	-10.99660549503623
4.15000	-11.22534810040024
4.15333	-11.447712235937326
4.15667	-11.663582837645436
4.16000	-11.872848513424774
4.16333	-12.075401600225131
4.16667	-12.271138219094324
4.17000	-12.45995832809859
4.17333	-12.641765773089487
4.17667	-12.816468336290635
4.18000	-12.983977782680487
4.18333	-13.144209904148491
4.18667	-13.297084561401572
4.19000	-13.44252572360168
4.19333	-13.580461505714101
4.19667	-13.710824203548887
4.20000	-13.833550326478562
4.20333	-13.94858062781643
4.20667	-14.05586013284181
4.21000	-14.155338164458437
4.21333	-14.246968366475318
4.21667	-14.330708724499237
4.22000	-14.40652158442992
4.22333	-14.474373668550768
4.22667	-14.534236089208031
4.23000	-14.586084360074242
4.23333	-14.629898404991584
4.23667	-14.66566256439333
4.24000	-14.693365599302052
4.24333	-14.71300069290508
4.24667	-14.724565449708791
4.25000	-14.72806189227469
4.25333	-14.723496455541627
4.25667	-14.710879978739664
4.26000	-14.690227694902608
4.26333	-14.661559217987355
4.26667	-14.624898527609613
4.27000	-14.580273951406781
4.27333	-14.52771814504015
4.27667	-14.467268069849741
4.28000	-14.398964968176509
4.28333	-14.322854336367778
4.28667	-14.238985895482974
4.29000	-14.147413559718434
4.29333	-14.048195402570318
4.29667	-13.941393620757106
4.30000	-13.827074495923416
4.30333	-13.705308354148226
4.30667	-13.576169523282465
4.31000	-13.439736288140855
4.31333	-13.296090843575437
4.31667	-13.145319245458163
4.32000	-12.987511359601687
4.32333	-12.822760808648642
4.32667	-12.651164916960006
4.33000	-12.472824653535591
4.33333	-12.287844572998996
4.33667	-12.096332754682136
4.34000	-11.89840073984443
4.34333	-11.694163467062136
4.34667	-11.483739205826613
4.35000	-11.267249488388128
4.35333	-11.044819039885208
4.35667	-10.81657570679982
4.36000	-10.582650383777587
4.36333	-10.343176938857635
4.36667	-10.098292137151278
4.37000	-9.848135563015735
4.37333	-9.592849540765469
4.37667	-9.332579053966041
4.38000	-9.067471663357441
4.38333	-8.79767742345108
4.38667	-8.52334879784992
4.39000	-8.24464057333683
4.39333	-7.961709772781792
4.39667	-7.674715566915454
4.40000	-7.383819185017886
4.40333	-7.089183824575438
4.40667	-6.790974559952015
4.41000	-6.489358250129277
4.41333	-6.184503445565739
4.41667	-5.876580294226085
4.42000	-5.565760446834569
4.42333	-5.252216961403321
4.42667	-4.936124207090122
4.43000	-4.617657767438367
4.43333	-4.296994343051736
4.43667	-3.974311653759758
4.44000	-3.649788340325768
4.44333	-3.3236038657532347
4.44667	-2.9959384162443508
4.45000	-2.6669728018651453
4.45333	-2.3368883569726013
4.45667	-2.0058668404568207
4.46000	-1.6740903358555923
4.46333	-1.341741151393419
4.46667	-1.0090017200015444
4.47000	-0.6760544993736924
4.47333	-0.343081872110408
4.47667	-0.010266046009367114
4.48000	0.322211045447025
4.48333	0.654167842349922
4.48667	0.985423257315485
4.49000	1.3157967740759162
4.49333	1.6451085456550025
4.49667	1.9731794920772399
4.50000	2.299831397554654
4.50333	2.6248870071017882
4.50667	2.948170122523792
4.51000	3.2695056977274803
4.51333	3.588719933303916
4.51667	3.9056403703297944
4.52000	4.220095983339773
4.52333	4.531917272417217
4.52667	4.840936354355543
4.53000	5.146987052840407
4.53333	5.449904987604709
4.53667	5.749527662509221
4.54000	6.045694552500035
4.54333	6.338247189398946
4.54667	6.627029246478723
4.55000	6.911886621779312
4.55333	7.192667520121207
4.55667	7.469222533770977
4.56000	7.741404721717942
4.56333	8.009069687518487
4.56667	8.272075655667773
4.57000	8.530283546459033
4.57333	8.783557049289014
4.57667	9.03176269437461
4.58000	9.274769922838521
4.58333	9.512451155132148
4.58667	9.744681857755667
4.59000	9.97134060824327
4.59333	10.192309158379668
4.59667	10.407472495612698
4.60000	10.616718902634124
4.60333	10.81994001509403
4.60667	11.017030877422062
4.61000	11.207889996725735
4.61333	11.392419394737567
4.61667	11.570524657786946
4.62000	11.74211498476853
4.62333	11.907103233085342
4.62667	12.065405962542318
4.63000	12.216943477168755
4.63333	12.361639864948923
4.63667	12.499423035440993
4.64000	12.630224755266756
4.64333	12.753980681453397
4.64667	12.87063039261285
4.65000	12.980117417943106
4.65333	13.082389264037749
4.65667	13.17739743949189
4.66000	13.265097477292846
4.66333	13.34544895498579
4.66667	13.418415512605609
4.67000	13.48396486836746
4.67333	13.5420688321098
4.67667	13.592703316484798
4.68000	13.635848345892384
4.68333	13.671488063155369
4.68667	13.699610733934325
4.69000	13.720208748882095
4.69333	13.733278623539253
4.69667	13.738820995972617
4.70000	13.736840622160804
4.70333	13.727346369131368
4.70667	13.710351205855812
4.71000	13.685872191909667
4.71333	13.653930463906155
4.71667	13.614551219713238
4.72000	13.567763700464957
4.72333	13.513601170379065
4.72667	13.452100894394468
4.73000	13.383304113642827
4.73333	13.307256018769959
4.73667	13.224005721124067
4.74000	13.133606221828376
4.74333	13.036114378757912
4.74667	12.931590871439818
4.75000	12.82010016389936
4.75333	12.701710465473658
4.75667	12.576493689616521
4.76000	12.444525410719894
4.76333	12.305884818975935
4.76667	12.160654673308645
4.77000	12.008921252400427
4.77333	11.850774303844535
4.77667	11.68630699145159
4.78000	11.515615840741408
4.78333	11.33880068265267
4.78667	11.15596459550103
4.79000	10.96721384522203
4.79333	10.772657823930482
4.79667	10.572408986833487
4.80000	10.366582787533407
4.80333	10.155297611755746
4.80667	9.938674709543223
4.81000	9.716838125950892
4.81333	9.489914630285366
4.81667	9.258033643925762
4.82000	9.021327166768238
4.82333	8.779929702336911
4.82667	8.53397818160059
4.83000	8.283611885542383
4.83333	8.028972366521428
4.83667	7.770203368475032
4.84000	7.507450746003597
4.84333	7.240862382383604
4.84667	6.970588106557467
4.85000	6.69677960914233
4.85333	6.4195903575092474
4.85667	6.139175509976939
4.86000	5.855691829169069
4.86333	5.569297594584716
4.86667	5.280152514427215
4.87000	4.988417636744669
4.87333	4.694255259927959
4.87667	4.397828842617761
4.88000	4.099302913069863
4.88333	3.798842978028973
4.88667	3.496615431161961
4.89000	3.1927874610992233
4.89333	2.8875269591380563
4.89667	2.5810024266558
4.90000	2.2733828822850617
4.90333	1.964837768902807
4.90667	1.6555368604826437
4.91000	1.3456501688627838
4.91333	1.0353478504802403
4.91667	0.7248001131223974
4.92000	0.4141771227469757
4.92333	0.10364891042128459
4.92667	-0.20661472056842914
4.93000	-0.5164442873868984
4.93333	-0.8256707200485384
4.93667	-1.1341254534946652
4.94000	-1.4416405192990847
4.94333	-1.7480486369528303
4.94667	-2.053183304677125
4.95000	-2.3568788897172546
4.95333	-2.6589707180670663
4.95667	-2.9592951635761704
4.96000	-3.257689736391611
4.96333	-3.5539931706862484
4.96667	-3.8480455116271854
4.97000	-4.13968820153549
4.97333	-4.428764165194668
4.97667	-4.7151178942570775
4.98000	-4.9985955307079495
4.98333	-5.279044949339108
4.98667	-5.556315839188851
4.99000	-5.830259783906227
4.99333	-6.100730340993827
4.99667	-6.367583119890424
5.00000	-6.630675858848841
5.00333	-6.889868500569969
5.00667	-7.145023266552781
5.01000	-7.3960047301193415
5.01333	-7.642679888079523
5.01667	-7.884918230993209
5.02000	-8.122591811997733
5.02333	-8.355575314160056
5.02667	-8.583746116321478
5.03000	-8.806984357399218
5.03333	-9.025172999110286
5.03667	-9.23819788708781
5.04000	-9.44594781035417
5.04333	-9.64831455912386
5.04667	-9.84519298090378
5.05000	-10.03648103486215
5.05333	-10.222079844440165
5.05667	-10.40189374817609
5.06000	-10.57583034871948
5.06333	-10.743800560007262
5.06667	-10.905718652580182
5.07000	-11.061502297015743
5.07333	-11.211072605455232
5.07667	-11.354354171206033
5.08000	-11.491275106396797
5.08333	-11.62176707766984
5.08667	-11.745765339890635
5.09000	-11.86320876785969
5.09333	-11.974039886011353
5.09667	-12.0782048960841
5.10000	-12.175653702751312
5.10333	-12.266339937198579
5.10667	-12.35022097863828
5.11000	-12.427257973751093
5.11333	-12.497415854045764
5.11667	-12.560663351130682
5.12000	-12.616973009889875
5.12333	-12.666321199559405
5.12667	-12.708688122699648
5.13000	-12.744057822061059
5.13333	-12.772418185341634
5.13667	-12.793760947835764
5.14000	-12.80808169297527
5.14333	-12.815379850764273
5.14667	-12.815658694111203
5.15000	-12.80892533306195
5.15333	-12.79519070693957
5.15667	-12.774469574396985
5.16000	-12.746780501390244
5.16333	-12.712145847081178
5.16667	-12.670591747679167
5.17000	-12.622148098233126
5.17333	-12.566848532385709
5.17667	-12.504730400102844
5.18000	-12.435834743393254
5.18333	-12.360206270032666
5.18667	-12.277893325309835
5.19000	-12.188947861811457
5.19333	-12.093425407264586
5.19667	-11.991385030456492
5.20000	-11.882889305252036
5.20333	-11.768004272730696
5.20667	-11.646799401465683
5.21000	-11.519347545968852
5.21333	-11.385724903326054
5.21667	-11.24601096804831
5.22000	-11.100288485166171
5.22333	-10.948643401593092
5.22667	-10.791164815788482
5.23000	-10.627944925747485
5.23333	-10.45907897534913
5.23667	-10.28466519909376
5.24000	-10.10480476526061
5.24333	-9.919601717520043
5.24667	-9.729162915031877
5.25000	-9.533597971066
5.25333	-9.333019190179389
5.25667	-9.12754150398529
5.26000	-8.917282405552502
5.26333	-8.70236188246944
5.26667	-8.482902348614568
5.27000	-8.259028574667926
5.27333	-8.030867617406761
5.27667	-7.7985487478225135
5.28000	-7.5622033781006746
5.28333	-7.321964987505753
5.28667	-7.07796904721008
5.29000	-6.830352944112697
5.29333	-6.579255903687118
5.29667	-6.324818911903654
5.30000	-6.067184636270083
5.30333	-5.806497346032048
5.30667	-5.542902831582074
5.31000	-5.2765483231172565
5.31333	-5.007582408595386
5.31667	-4.73615495103191
5.32000	-4.4624170051848004
5.32333	-4.186520733674831
5.32667	-3.908619322584335
5.33000	-3.628866896585882
5.33333	-3.347418433642659
5.33667	-3.064429679332407
5.34000	-2.780057060838677
5.34333	-2.494457600658559
5.34667	-2.207788830074412
5.35000	-1.9202087024354484
5.35333	-1.6318755062998442
5.35667	-1.3429477784821058
5.36000	-1.0535842170545622
5.36333	-0.763943594351959
5.36667	-0.47418467002323983
5.37000	-0.18446610418242154
5.37333	0.10505362929761275
5.37667	0.39421632929918615
5.38000	0.6828641537352401
5.38333	0.9708397055390409
5.38667	1.2579861183214303
5.39000	1.5441471416490975
5.39333	1.8291672258976028
5.39667	2.1128916066330836
5.40000	2.395166388477481
5.40333	2.6758386284106344
5.40667	2.954756418465986
5.41000	3.23176896777397
5.41333	3.5067266839094016
5.41667	3.779481253498978
5.42000	4.0498857220455795
5.42333	4.31779457292638
5.42667	4.583063805523025
5.43000	4.845551012440265
5.43333	5.105115455774627
5.43667	5.361618142389507
5.44000	5.614921898158159
5.44333	5.864891441134937
5.44667	6.1113934536147605
5.45000	6.354296653044103
5.45333	6.59347186174471
5.45667	6.828792075413595
5.46000	7.060132530363059
5.46333	7.287370769465082
5.46667	7.51038670676598
5.47000	7.729062690735676
5.47333	7.943283566121397
5.47667	8.152936734369503
5.48000	8.357912212587635
5.48333	8.558102691013982
5.48667	8.753403588964215
5.49000	8.943713109228291
5.49333	9.128932290886821
5.49667	9.308965060522208
5.50000	9.483718281796044
5.50333	9.653101803368534
5.50667	9.8170285051354
5.51000	9.975414342757592
5.51333	10.128178390463429
5.51667	10.275242882098588
5.52000	10.416533250406399
5.52333	10.551978164516033
5.52667	10.681509565621864
5.53000	10.805062700835597
5.53333	10.922576155194012
5.53667	11.033991881808294
5.54000	11.13925523013821
5.54333	11.238314972379863
5.54667	11.33112332795259
5.55000	11.417635986074792
5.55333	11.497812126418177
5.55667	11.571614437830222
5.56000	11.639009135118044
5.56333	11.699965973885082
5.56667	11.75445826341548
5.57000	11.802462877600762
5.57333	11.843960263904641
5.57667	11.878934450363712
5.58000	11.907373050621404
5.58333	11.929267266995295
5.58667	11.944611891577471
5.59000	11.95340530536982
5.59333	11.955649475456514
5.59667	11.951349950217377
5.60000	11.940515852586731
5.60333	11.923159871363463
5.60667	11.899298250579056
5.61000	11.86895077693138
5.61333	11.8321407652933
5.61667	11.788895042305688
5.62000	11.739243928066166
5.62333	11.683221215925304
5.62667	11.620864150403387
5.63000	11.552213403241826
5.63333	11.477313047604095
5.63667	11.39621053044241
5.64000	11.308956643047022
5.64333	11.215605489796191
5.64667	11.116214455125801
5.65000	11.010844168738377
5.65333	10.899558469072778
5.65667	10.782424365055778
5.66000	10.659511996158676
5.66333	10.530894590782385
5.66667	10.396648422995472
5.67000	10.256852767650626
5.67333	10.111589853905707
5.67667	9.960944817176241
5.68000	9.80500564954819
5.68333	9.643863148678106
5.68667	9.47761086521184
5.69000	9.306345048751137
5.69333	9.130164592399263
5.69667	8.94917097591819
5.70000	8.76346820752852
5.70333	8.573162764387279
5.70667	8.378363531775303
5.71000	8.179181741030813
5.71333	7.9757309062632915
5.71667	7.768126759883565
5.72000	7.556487186987861
5.72333	7.340932158630322
5.72667	7.121583664025131
5.73000	6.898565641713009
5.73333	6.672003909733057
5.73667	6.442026094838878
5.74000	6.208761560797274
5.74333	5.972341335812213
5.74667	5.732898039111328
5.75000	5.4905658067399665
5.75333	5.245480216600361
5.75667	4.997778212780133
5.76000	4.7475980292124
5.76333	4.49507911270724
5.76667	4.240362045401533
5.77000	3.9835884666655152
5.77333	3.724900994513655
5.77667	3.4644431465602437
5.78000	3.202359260564566
5.78333	2.938794414610724
5.78667	2.673894346962929
5.79000	2.4078053756449806
5.79333	2.140674317783266
5.79667	1.872648408762132
5.80000	1.6038752212332728
5.80333	1.3345025840235558
5.80667	1.0646785009886293
5.81000	0.794551069852277
5.81333	0.5242684010805098
5.81667	0.25397853683140004
5.82000	-0.01617062997385544
5.82333	-0.286031436413252
5.82667	-0.555456530119025
5.83000	-0.8242989495768936
5.83333	-1.0924122041309103
5.83667	-1.3596503536457818
5.84000	-1.625868087786864
5.84333	-1.8909208048731334
5.84667	-2.1546646902604394
5.85000	-2.4169567942142463
5.85333	-2.6776551092269756
5.85667	-2.936618646740945
5.86000	-3.193707513234413
5.86333	-3.448782985628592
5.86667	-3.701707585978208
5.87000	-3.9523451554015567
5.87333	-4.200560927213624
5.87667	-4.446221599221344
5.88000	-4.689195405142849
5.88333	-4.929352185112478
5.88667	-5.166563455233907
5.89000	-5.400702476144333
5.89333	-5.631644320553213
5.89667	-5.859265939719611
5.90000	-6.08344622883328
5.90333	-6.304066091263803
5.90667	-6.521008501645231
5.91000	-6.73415856776179
5.91333	-6.943403591202554
5.91667	-7.148633126753007
5.92000	-7.349739040492385
5.92333	-7.546615566566219
5.92667	-7.739159362604863
5.93000	-7.927269563757813
5.93333	-8.110847835317752
5.93667	-8.289798423904932
5.94000	-8.464028207186555
5.94333	-8.633446742105392
5.94667	-8.797966311591965
5.95000	-8.957501969737761
5.95333	-9.111971585404488
5.95667	-9.261295884249172
5.96000	-9.405398489142025
5.96333	-9.544205958957496
5.96667	-9.677647825719076
5.97000	-9.805656630078229
5.97333	-9.928167955111574
5.97667	-10.045120458417276
5.98000	-10.156455902497012
5.98333	-10.262119183407268
5.98667	-10.362058357666363
5.99000	-10.456224667404888
5.99333	-10.544572563746556
5.99667	-10.627059728409861
6.00000	-10.703647093518972
6.00333	-10.774298859616401
6.00667	-10.838982511868469
6.01000	-10.89766883445669
6.01333	-10.950331923149738
6.01667	-10.99694919604995
6.02000	-11.037501402511468
6.02333	-11.071972630226067
6.02667	-11.10035031047541
6.03000	-11.122625221548367
6.03333	-11.138791490323458
6.03667	-11.148846592017723
6.04000	-11.1527913481036
6.04333	-11.150629922397318
6.04667	-11.142369815322478
6.05000	-11.128021856354078
6.05333	-11.107600194648809
6.05667	-11.081122287868876
6.06000	-11.048608889207006
6.06333	-11.01008403262191
6.06667	-10.965575016293945
6.07000	-10.915112384311843
6.07333	-10.858729906602665
6.07667	-10.796464557117176
6.08000	-10.728356490285204
6.08333	-10.654449015754718
6.08667	-10.57478857143114
6.09000	-10.48942469483272
6.09333	-10.398409992779639
6.09667	-10.30180010943539
6.10000	-10.19965369271889
6.10333	-10.092032359108485
6.10667	-9.979000656857758
6.11000	-9.860626027645306
6.11333	-9.736978766681434
6.11667	-9.60813198129448
6.12000	-9.474161548021586
6.12333	-9.33514606822866
6.12667	-9.191166822285421
6.13000	-9.042307722322088
6.13333	-8.88865526359497
6.13667	-8.730298474489125
6.14000	-8.567328865186706
6.14333	-8.399840375030603
6.14667	-8.227929318613466
6.15000	-8.051694330622686
6.15333	-7.871236309473547
6.15667	-7.686658359761614
6.16000	-7.498065733567829
6.16333	-7.3055657706493475
6.16667	-7.109267837549963
6.17000	-6.9092832656646594
6.17333	-6.7057252882932135
6.17667	-6.498708976717991
6.18000	-6.288351175343161
6.18333	-6.074770435929652
6.18667	-5.858086950964915
6.19000	-5.638422486203618
6.19333	-5.415900312417096
6.19667	-5.190645136390672
6.20000	-4.962783031205619
6.20333	-4.732441365847068
6.20667	-4.499748734174251
6.21000	-4.264834883295135
6.21333	-4.027830641383788
6.21667	-3.788867844980608
6.22000	-3.54807926581721
6.22333	-3.3055985372034513
6.22667	-3.0615600800214122
6.23000	-2.816099028363207
6.23333	-2.569351154856325
6.23667	-2.3214527957172253
6.24000	-2.0725407755730147
6.24333	-1.8227523320952475
6.24667	-1.5722250404836775
6.25000	-1.3210967378457426
6.25333	-1.069505447509094
6.25667	-0.8175893033113057
6.26000	-0.5654864739082197
6.26333	-0.3133350871396476
6.26667	-0.06127315449802752
6.27000	0.19056150426348076
6.27333	0.4420313363380003
6.27667	0.6929991308492187
6.28000	0.9433280935710032
6.28333	1.192881921340597
6.28667	1.441524876128127
6.29000	1.6891218587179098
6.29333	1.9355384819663577
6.29667	2.1806411435925925
6.30000	2.424297098465083
6.30333	2.6663745303452435
6.30667	2.9067426230467275
6.31000	3.145271630976135
6.31333	3.381832949012999
6.31667	3.6162991816950045
6.32000	3.8485442116686848
6.32333	4.0784432673703686
6.32667	4.305872989901535
6.33000	4.530711499060301
6.33333	4.752838458497637
6.33667	4.972135139959651
6.34000	5.18848448658469
6.34333	5.401771175220088
6.34667	5.611881677725572
6.35000	5.818704321232067
6.35333	6.022129347321798
6.35667	6.222048970100582
6.36000	6.418357433130728
6.36333	6.610951065194085
6.36667	6.799728334857109
6.37000	6.984589903808413
6.37333	7.165438678941254
6.37667	7.342179863153705
6.38000	7.51472100484002
6.38333	7.6829720460475075
6.38667	7.846845369273917
6.39000	8.006255842881123
6.39333	8.16112086510175
6.39667	8.311360406616014
6.40000	8.456897051677263
6.40333	8.597656037764525
6.40667	8.733565293742817
6.41000	8.864555476511178
6.41333	8.99056000612024
6.41667	9.111515099341606
6.42000	9.22735980167236
6.42333	9.33803601775867
6.42667	9.443488540223822
6.43000	9.543665076885773
6.43333	9.63851627635222
6.43667	9.727995751979664
6.44000	9.812060104185727
6.44333	9.890668941104176
6.44667	9.963784897572639
6.45000	10.031373652445044
6.45333	10.09340394422023
6.45667	10.149847584980746
6.46000	10.200679472635308
6.46333	10.245877601460254
6.46667	10.285423070936082
6.47000	10.319300092875636
6.47333	10.347495996842369
6.47667	10.370001233856817
6.48000	10.386809378391685
6.48333	10.397917128655681
6.48667	10.40332430516808
6.49000	10.403033847626387
6.49333	10.397051810070622
6.49667	10.38538735434864
6.50000	10.368052741887835
6.50333	10.34506332377945
6.50667	10.316437529182638
6.51000	10.282196852056526
6.51333	10.242365836228934
6.51667	10.196972058812111
6.52000	10.146046111975707
6.52333	10.089621583089246
6.52667	10.027735033246184
6.53000	9.960425974183133
6.53333	9.88773684360881
6.53667	9.809712978957158
6.54000	9.726402589581664
6.54333	9.63785672740646
6.54667	9.54412925605307
6.55000	9.445276818460545
6.55333	9.341358803018071
6.55667	9.232437308231244
6.56000	9.11857710594121
6.56333	8.99984560311998
6.56667	8.876312802262868
6.57000	8.748051260402255
6.57333	8.615136046765977
6.57667	8.477644699104527
6.58000	8.335657178713818
6.58333	8.189255824177302
6.58667	8.038525303856247
6.59000	7.883552567153873
6.59333	7.7244267945820155
6.59667	7.561239346659019
6.60000	7.394083711667001
6.60333	7.22305545229995
6.60667	7.048252151231386
6.61000	6.869773355633155
6.61333	6.687720520677243
6.61667	6.5021969520516
6.62000	6.313307747523214
6.62333	6.121159737581083
6.62667	5.925861425192562
6.63000	5.727522924706976
6.63333	5.526255899940783
6.63667	5.322173501479053
6.64000	5.115390303228336
6.64333	4.906022238256428
6.64667	4.69418653395494
6.65000	4.48000164656046
6.65333	4.263587195071756
6.65667	4.045063894598529
6.66000	3.824553489179705
6.66333	3.60217868410824
6.66667	3.3780630777999816
6.67000	3.1523310932443733
6.67333	2.9251079090750016
6.67667	2.6965193902976017
6.68000	2.4666920187153023
6.68333	2.235752823086593
6.68667	2.0038293090583634
6.69000	1.771049388908787
6.69333	1.5375413111411773
6.69667	1.3034335899670757
6.70000	1.0688549347158736
6.70333	0.8339341792121268
6.70667	0.5988002111563328
6.71000	0.36358190155036746
6.71333	0.12840803420471908
6.71667	-0.10659276463399003
6.72000	-0.34129209649532
6.72333	-0.5755618607019146
6.72667	-0.809274324148815
6.73000	-1.0423021908116705
6.73333	-1.2745186709420402
6.73667	-1.5057975499151652
6.74000	-1.7360132566918314
6.74333	-1.9650409318562143
6.74667	-2.1927564951957996
6.75000	-2.4190367127829466
6.75333	-2.64375926352576
6.75667	-2.8668028051499563
6.76000	-3.088047039576236
6.76333	-3.3073727776603974
6.76667	-3.524662003257627
6.77000	-3.7397979365807985
6.77333	-3.952665096815025
6.77667	-4.163149363957716
6.78000	-4.371138039850068
6.78333	-4.57651990836654
6.78667	-4.7791852947328035
6.79000	-4.979026123937049
6.79333	-5.1759359782075025
6.79667	-5.3698101535221685
6.80000	-5.560545715123121
6.80333	-5.7480415520058425
6.80667	-5.932198430352937
6.81000	-6.112919045887183
6.81333	-6.290108075113165
6.81667	-6.4636722254233145
6.82000	-6.633520284040093
6.82333	-6.799563165769878
6.82667	-6.961713959543926
6.83000	-7.1198879737203455
6.83333	-7.2740027801263905
6.83667	-7.423978256815468
6.84000	-7.56973662951887
6.84333	-7.711202511769853
6.84667	-7.848302943679572
6.85000	-7.980967429345836
6.85333	-8.10912797287418
6.85667	-8.232719112994427
6.86000	-8.351677956254566
6.86333	-8.465944208775017
6.86667	-8.575460206548108
6.87000	-8.680170944267076
6.87333	-8.780024102670644
6.87667	-8.874970074389655
6.88000	-8.964961988283196
6.88333	-9.049955732252425
6.88667	-9.129909974521265
6.89000	-9.204786183373827
6.89333	-9.27454864533941
6.89667	-9.339164481816704
6.90000	-9.39860366412982
6.90333	-9.452839027009256
6.90667	-9.501846280492435
6.91000	-9.54560402023864
6.91333	-9.584093736254474
6.91667	-9.617299820026687
6.92000	-9.645209570060125
6.92333	-9.667813195819372
6.92667	-9.685103820073717
6.93000	-9.697077479645568
6.93333	-9.703733124563886
6.93667	-9.705072615624399
6.94000	-9.701100720359896
6.94333	-9.691825107424227
6.94667	-9.67725633939482
6.95000	-9.657407863999259
6.95333	-9.63229600377245
6.95667	-9.60193994415144
6.96000	-9.566361720016285
6.96333	-9.52558620068573
6.96667	-9.479641073377566
6.97000	-9.428556825144502
6.97333	-9.372366723296514
6.97667	-9.31110679432268
6.98000	-9.244815801324705
6.98333	-9.173535219976962
6.98667	-9.097309213026943
6.99000	-9.016184603351908
6.99333	-8.930210845588304
6.99667	-8.839439996349977
7.00000	-8.74392668305431
7.00333	-8.64372807137339
7.00667	-8.538903831330334
7.01000	-8.429516102060788
7.01333	-8.315629455259165
7.01667	-8.19731085733275
7.02000	-8.074629630283725
7.02333	-7.947657411343674
7.02667	-7.816468111382639
7.03000	-7.681137872117164
7.03333	-7.541745022142645
7.03667	-7.398370031813601
7.04000	-7.2510954670000745
7.04333	-7.10000594174402
7.04667	-6.9451880698451856
7.05000	-6.786730415402266
7.05333	-6.624723442338292
7.05667	-6.459259462939123
7.06000	-6.290432585433068
7.06333	-6.118338660643202
7.06667	-5.943075227740409
7.07000	-5.764741459129574
7.07333	-5.583438104498959
7.07667	-5.399267434063855
7.08000	-5.212333181038391
7.08333	-5.022740483364769
7.08667	-4.830595824735638
7.09000	-4.636006974940294
7.09333	-4.439082929569264
7.09667	-4.239933849110548
7.10000	-4.038670997471501
7.10333	-3.8354066799606192
7.10667	-3.6302541807637576
7.11000	-3.4233276999491538
7.11333	-3.2147422900371287
7.11667	-3.0046137921684073
7.12000	-2.793058771907284
7.12333	-2.580194454714819
7.12667	-2.3661386611277124
7.13000	-2.1510097416786897
7.13333	-1.9349265115942191
7.13667	-1.7180081853055547
7.14000	-1.5003743108091168
7.14333	-1.2821447039122817
7.14667	-1.0634393824007402
7.15000	-0.8443785001631303
7.15333	-0.6250822813100256
7.15667	-0.40567095432200356
7.16000	-0.1862646862637875
7.16333	0.03301648290000645
7.16667	0.2520527058516223
7.17000	0.47072439329369364
7.17333	0.6889122791138945
7.17667	0.9064974853057384
7.18000	1.1233615866088011
7.18333	1.3393866748360659
7.18667	1.5544554228498249
7.19000	1.7684511481551155
7.19333	1.9812578760739357
7.19667	2.1927604024664875
7.20000	2.402844355966919
7.20333	2.6113962596977336
7.20667	2.8183035924322986
7.21000	3.0234548491702227
7.21333	3.2267396010943843
7.21667	3.4280485548773925
7.22000	3.6272736113044504
7.22333	3.8243079231838037
7.22667	4.019045952510362
7.23000	4.211383526855737
7.23333	4.40121789495123
7.23667	4.588447781436628
7.24000	4.772973440744822
7.24333	4.954696710092818
7.24667	5.133521061553385
7.25000	5.3093516531766065
7.25333	5.482095379137785
7.25667	5.651660918882211
7.26000	5.817958785242828
7.26333	5.980901371505526
7.26667	6.140402997395581
7.27000	6.296379953964007
7.27333	6.448750547347592
7.27667	6.597435141381868
7.28000	6.742356199044122
7.28333	6.88343832270435
7.28667	7.020608293165185
7.29000	7.1537951074681505
7.29333	7.282930015449571
7.29667	7.407946555024951
7.30000	7.528780586185647
7.30333	7.645370323689649
7.30667	7.757656368429965
7.31000	7.865581737465575
7.31333	7.969091892698588
7.31667	8.068134768184745
7.32000	8.162660796062553
7.32333	8.252622931089011
7.32667	8.337976673770005
7.33000	8.418680092073192
7.33333	8.494693841714522
7.33667	8.565981185007171
7.34000	8.632508008265315
7.34333	8.694242837753935
7.34667	8.751156854177836
7.35000	8.803223905703279
7.35333	8.850420519506692
7.35667	8.892725911845627
7.36000	8.930121996648074
7.36333	8.962593392616755
7.36667	8.990127428846325
7.37000	9.012714148951737
7.37333	9.030346313707136
7.37667	9.043019402195373
7.38000	9.050731611469025
7.38333	9.053483854724684
7.38667	9.051279757993012
7.39000	9.044125655347964
7.39333	9.032030582639262
7.39667	9.01500626975314
7.40000	8.99306713140706
7.40333	8.966230256485023
7.40667	8.934515395920759
7.41000	8.897944949136903
7.41333	8.85654394904926
7.41667	8.810340045645507
7.42000	8.759363488149145
7.42333	8.70364710577972
7.42667	8.643226287121237
7.43000	8.578138958111905
7.43333	8.508425558667888
7.43667	8.434129017956314
7.44000	8.355294728331431
7.44333	8.271970517950239
7.44667	8.184206622083867
7.45000	8.092055653141237
7.45333	7.995572569423698
7.45667	7.894814642627682
7.46000	7.789841424116138
7.46333	7.680714709976807
7.46667	7.567498504888799
7.47000	7.4502589848184595
7.47333	7.329064458565044
7.47667	7.203985328180248
7.48000	7.075094048282348
7.48333	6.9424650842903075
7.48667	6.806174869600378
7.49000	6.666301761730232
7.49333	6.522925997456352
7.49667	6.376129646968516
7.50000	6.225996567069919
7.50333	6.072612353446858
7.50667	5.916064292037476
7.51000	5.756441309525612
7.51333	5.593833922987668
7.51667	5.428334188722596
7.52000	5.260035650291234
7.52333	5.089033285796925
7.52667	4.915423454435065
7.53000	4.739303842342271
7.53333	4.560773407776389
7.53667	4.379932325655782
7.54000	4.196881931491998
7.54333	4.011724664743769
7.54667	3.824564011627028
7.55000	3.6355044474104914
7.55333	3.444651378230084
7.55667	3.252111082454543
7.56000	3.0579906516335864
7.56333	2.8623979310634784
7.56667	2.665441460000522
7.57000	2.467230411557602
7.57333	2.2678745323158123
7.57667	2.0674840816841416
7.58000	1.8661697710428147
7.58333	1.664042702700499
7.58667	1.4612143087023561
7.59000	1.257796289520024
7.59333	1.053900552658527
7.59667	0.8496391512133792
7.60000	0.6451242224115954
7.60333	0.4404679261702646
7.60667	0.23578238370633917
7.61000	0.03117961623080719
7.61333	-0.17322851623836696
7.61667	-0.37733037591242036
7.62000	-0.5810146080829175
7.62333	-0.7841702017550942
7.62667	-0.9866865500304078
7.63000	-1.1884535102055191
7.63333	-1.3893614635551075
7.63667	-1.5893013747661515
7.64000	-1.7881648509915025
7.64333	-1.9858442004908448
7.64667	-2.1822324908273205
7.65000	-2.377223606588796
7.65333	-2.570712306601786
7.65667	-2.7625942806083885
7.66000	-2.952766205375297
7.66333	-3.1411258002039055
7.66667	-3.327571881813725
7.67000	-3.5120044185677295
7.67333	-3.694324584011748
7.67667	-3.8744348096993675
7.68000	-4.0522388372729825
7.68333	-4.227641769775584
7.68667	-4.400550122162956
7.69000	-4.570871870992458
7.69333	-4.738516503260091
7.69667	-4.903395064360379
7.70000	-5.065420205144724
7.70333	-5.22450622805163
7.70667	-5.380569132286873
7.71000	-5.53352665802711
7.71333	-5.683298329626393
7.71667	-5.829805497801328
7.72000	-5.97297138077284
7.72333	-6.112721104344756
7.72667	-6.248981740895788
7.73000	-6.38168234726752
7.73333	-6.51075400152629
7.73667	-6.6361298385817875
7.74000	-6.757745084643409
7.74333	-6.875537090496167
7.74667	-6.989445363580707
7.75000	-7.099411598859014
7.75333	-7.205379708452426
7.75667	-7.307295850034995
7.76000	-7.405108453969229
7.76333	-7.498768249170579
7.76667	-7.588228287686759
7.77000	-7.673443967981493
7.77333	-7.754373056909573
7.77667	-7.830975710373799
7.78000	-7.903214492653385
7.78333	-7.971054394394285
7.78667	-8.034462849253988
7.79000	-8.0934097491917
7.79333	-8.147867458398364
7.79667	-8.197810825859076
7.80000	-8.243217196543322
7.80333	-8.28406642121784
7.80667	-8.320340864878315
7.81000	-8.352025413796872
7.81333	-8.379107481182555
7.81667	-8.401577011453593
7.82000	-8.419426483120168
7.82333	-8.432650910277804
7.82667	-8.441247842711869
7.83000	-8.445217364614575
7.83333	-8.444562091916689
7.83667	-8.43928716823675
7.84000	-8.429400259451516
7.84333	-8.414911546891993
7.84667	-8.395833719170222
7.85000	-8.372181962642681
7.85333	-8.343973950516965
7.85667	-8.311229830609081
7.86000	-8.273972211759414
7.86333	-8.232226148916357
7.86667	-8.186019126896875
7.87000	-8.135381042834492
7.87333	-8.080344187325545
7.87667	-8.020943224285373
7.88000	-7.957215169526881
7.88333	-7.88919936807437
7.88667	-7.816937470226522
7.89000	-7.740473406382809
7.89333	-7.659853360648429
7.89667	-7.575125743233508
7.90000	-7.486341161662722
7.90333	-7.393552390812749
7.90667	-7.296814341794665
7.91000	-7.196184029699653
7.91333	-7.091720540227355
7.91667	-6.98348499521525
7.92000	-6.871540517090088
7.92333	-6.75595219226139
7.92667	-6.636787033478042
7.93000	-6.514113941170453
7.93333	-6.38800366379897
7.93667	-6.258528757233256
7.94000	-6.125763543183897
7.94333	-5.989784066711266
7.94667	-5.850668052835635
7.95000	-5.708494862272411
7.95333	-5.5633454463191185
7.95667	-5.4153023009176025
7.96000	-5.264449419919972
7.96333	-5.110872247582199
7.96667	-4.95465763031377
7.97000	-4.7958937677105435
7.97333	-4.634670162896731
7.97667	-4.4710775722065135
7.98000	-4.305207954230559
7.98333	-4.137154418258719
7.98667	-3.9670111721457517
7.99000	-3.7948734696299065
7.99333	-3.620837557134549
7.99667	-3.4450006200803545
8.00000	-3.2674607287408945
8.00333	-3.088316783668438
8.00667	-2.9076684607236305
8.01000	-2.7256161557362018
8.01333	-2.5422609288303426
8.01667	-2.3577044484436476
8.02000	-2.172048935070968
8.02333	-1.9853971047647039
8.02667	-1.797852112422353
8.03000	-1.6095174948930364
8.03333	-1.4204971139327685
8.03667	-1.2308950990422913
8.04000	-1.0408157902170472
8.04333	-0.8503636806403513
8.04667	-0.659643359354003
8.05000	-0.4687594539336895
8.05333	-0.27781657320417474
8.05667	-0.08691925002274867
8.06000	0.1038281158354035
8.06333	0.2943213146603284
8.06667	0.48445638362863896
8.07000	0.674129663428432
8.07333	0.8632378546622161
8.07667	1.0516780739927112
8.08000	1.2393479100042384
8.08333	1.426145478746956
8.08667	1.6119694789354984
8.09000	1.7967192467725457
8.09333	1.9802948103649562
8.09667	2.1625969437069563
8.10000	2.343527220198514
8.10333	2.522988065670524
8.10667	2.7008828108897838
8.11000	2.8771157435135803
8.11333	3.051592159467901
8.11667	3.224218413719419
8.12000	3.3949019704170724
8.12333	3.5635514523741207
8.12667	3.7300766898646627
8.13000	3.894388768710049
8.13333	4.056400077627456
8.13667	4.216024354817965
8.14000	4.3731767337663054
8.14333	4.527773788231478
8.14667	4.679733576402001
8.15000	4.828975684193155
8.15333	4.975421267664034
8.15667	5.118993094531059
8.16000	5.2596155847577455
8.16333	5.397214850196897
8.16667	5.53171873326761
8.17000	5.6630568446447125
8.17333	5.791160599941435
8.17667	5.915963255367305
8.18000	6.037399942341677
8.18333	6.155407701045344
8.18667	6.269925512893246
8.19000	6.380894331911566
8.19333	6.488257115003155
8.19667	6.591958851084949
8.20000	6.69194658908476
8.20333	6.788169464781096
8.20667	6.880578726473589
8.21000	6.969127759471066
8.21333	7.053772109385264
8.21667	7.1344695042182265
8.22000	7.211179875232555
8.22333	7.283865376595178
8.22667	7.352490403784136
8.23000	7.417021610750076
8.23333	7.477427925824304
8.23667	7.533680566366208
8.24000	7.585753052142732
8.24333	7.633621217434522
8.24667	7.677263221863183
8.25000	7.7166595599350085
8.25333	7.751793069297283
8.25667	7.782648937704069
8.26000	7.809214708689067
8.26333	7.831480285943465
8.26667	7.849437936398064
8.27000	7.8630822920091985
8.27333	7.872410350248773
8.27667	7.87742147329954
8.28000	7.878117385957408
8.28333	7.874502172243231
8.28667	7.866582270727308
8.29000	7.854366468570442
8.29333	7.837865894286134
8.29667	7.817094009229298
8.30000	7.79206659781737
8.30333	7.762801756490465
8.30667	7.72931988141797
8.31000	7.69164365495967
8.31333	7.649798030889974
8.31667	7.603810218394512
8.32000	7.55370966484962
8.32333	7.499528037394647
8.32667	7.441299203309155
8.33000	7.379059209206322
8.33333	7.31284625905578
8.33667	7.242700691048741
8.34000	7.168664953319011
8.34333	7.090783578535392
8.34667	7.009103157379165
8.35000	6.92367231092327
8.35333	6.834541661929398
8.35667	6.741763805079094
8.36000	6.6453932761572885
8.36333	6.545486520204946
8.36667	6.442101858661056
8.37000	6.335299455511011
8.37333	6.225141282462273
8.37667	6.111691083167381
8.38000	5.995014336513483
8.38333	5.875178219001801
8.38667	5.75225156623566
8.39000	5.626304833542169
8.39333	5.497410055747158
8.39667	5.3656408061280825
8.40000	5.2310721545679515
8.40333	5.093780624932952
8.40667	4.953844151699491
8.41000	4.811342035853233
8.41333	4.666354900087591
8.41667	4.518964643323991
8.42000	4.369254394581545
8.42333	4.217308466221787
8.42667	4.0632123065935435
8.43000	3.9070524521056895
8.43333	3.748916478754316
8.43667	3.588892953131091
8.44000	3.4270713829401145
8.44333	3.2635421670511846
8.44667	3.098396545117663
8.45000	2.9317265467855527
8.45333	2.7636249405233766
8.45667	2.5941851821009285
8.46000	2.4235013627451307
8.46333	2.2516681570014416
8.46667	2.0787807703304466
8.47000	1.9049348864687379
8.47333	1.7302266145813507
8.47667	1.5547524362368559
8.48000	1.378609152233659
8.48333	1.2018938293065042
8.48667	1.0247037467420745
8.49000	0.8471363429344972
8.49333	0.6692891619085545
8.49667	0.4912597998402746
8.50000	0.3131458516045296
8.50333	0.13504485737887134
8.50667	-0.042945750667622344
8.51000	-0.22072870157178728
8.51333	-0.3982069386295966
8.51667	-0.575283672277805
8.52000	-0.7518624327748757
8.52333	-0.9278471226521997
8.52667	-1.1031420689071454
8.53000	-1.27765207491003
8.53333	-1.451282471997275
8.53667	-1.6239391707213489
8.54000	-1.7955287117312086
8.54333	-1.9659583162560204
8.54667	-2.135135936163023
8.55000	-2.3029703035646767
8.55333	-2.4693709799472234
8.55667	-2.6342484047952435
8.56000	-2.7975139436846033
8.56333	-2.959079935819358
8.56667	-3.118859740987495
8.57000	-3.276767785908021
8.57333	-3.432719609948112
8.57667	-3.586631910182865
8.58000	-3.7384225857760724
8.58333	-3.8880107816564027
8.58667	-4.035316931467198
8.59000	-4.180262799767382
8.59333	-4.322771523458985
8.59667	-4.462767652422484
8.60000	-4.600177189336309
8.60333	-4.734927628659953
8.60667	-4.866947994761389
8.61000	-4.99616887916704
8.61333	-5.12252247691686
8.61667	-5.245942622003023
8.62000	-5.366364821876564
8.62333	-5.483726291002097
8.62667	-5.597965983443496
8.63000	-5.709024624465157
8.63333	-5.816844741129966
8.63667	-5.921370691881419
8.64000	-6.022548695091562
8.64333	-6.120326856562955
8.64667	-6.214655195968993
8.65000	-6.305485672219492
8.65333	-6.392772207739603
8.65667	-6.4764707116486635
8.66000	-6.556539101828788
8.66333	-6.63293732587064
8.66667	-6.705627380887866
8.67000	-6.774573332189266
8.67333	-6.839741330799896
8.67667	-6.901099629823283
8.68000	-6.958618599636324
8.68333	-7.012270741910025
8.68667	-7.062030702449657
8.69000	-7.107875282848613
8.69333	-7.149783450950567
8.69667	-7.1877363501154905
8.70000	-7.22171730728603
8.70333	-7.251711839850626
8.70667	-7.277707661301089
8.71000	-7.299694685682778
8.71333	-7.317665030836205
8.71667	-7.331613020429474
8.72000	-7.341535184781646
8.72333	-7.347430260478085
8.72667	-7.349299188778936
8.73000	-7.347145112823047
8.73333	-7.340973373630037
8.73667	-7.3307915049039725
8.74000	-7.316609226642716
8.74333	-7.298438437557697
8.74667	-7.276293206309447
8.75000	-7.2501897615649495
8.75333	-7.220146480883486
8.75667	-7.186183878438254
8.76000	-7.148324591581554
8.76333	-7.1065933662623735
8.76667	-7.061017041305284
8.77000	-7.011624531560495
8.77333	-6.958446809935458
8.77667	-6.901516888319153
8.78000	-6.840869797410422
8.78333	-6.776542565462459
8.78667	-6.70857419595667
8.79000	-6.637005644218779
8.79333	-6.561879792990903
8.79667	-6.48324142697489
8.80000	-6.401137206360983
8.80333	-6.31561563935791
8.80667	-6.22672705373997
8.81000	-6.13452356742846
8.81333	-6.039059058123881
8.81667	-5.940389132006328
8.82000	-5.838571091523478
8.82333	-5.733663902282794
8.82667	-5.625728159068828
8.83000	-5.514826051003585
8.83333	-5.401021325871275
8.83667	-5.284379253626921
8.84000	-5.164966589109363
8.84333	-5.042851533981588
8.84667	-4.918103697917639
8.85000	-4.7907940590598335
8.85333	-4.660994923768453
8.85667	-4.528779885685622
8.86000	-4.394223784138061
8.86333	-4.257402661900249
8.86667	-4.1183937223442815
8.87000	-3.9772752859977
8.87333	-3.8341267465356035
8.87667	-3.6890285262316085
8.88000	-3.5420620308907997
8.88333	-3.393309604293017
8.88667	-3.2428544821680143
8.89000	-3.090780745732264
8.89333	-2.9371732748096244
8.89667	-2.782117700564236
8.90000	-2.625700357871608
8.90333	-2.46800823735304
8.90667	-2.3091289371019075
8.91000	-2.1491506141262517
8.91333	-1.9881619355375268
8.91667	-1.8262520295091167
8.92000	-1.663510436034056
8.92333	-1.5000270575087684
8.92667	-1.335892109168771
8.93000	-1.1711960694049817
8.93333	-1.0060296299876015
8.93667	-0.840483646224555
8.94000	-0.6746490870818204
8.94333	-0.5086169852933293
8.94667	-0.34247838748810105
8.95000	-0.17632430436047192
8.95333	-0.010245660912041868
8.95667	0.15566675320785528
8.96000	0.3213223332363483
8.96333	0.4866307086795191
8.96667	0.6515017925144638
8.97000	0.815845830185855
8.97333	0.9795734483703047
8.97667	1.1425957034812797
8.98000	1.304824129888565
8.98333	1.466170787826476
8.98667	1.626548310965275
8.99000	1.7858699536187295
8.99333	1.9440496375637504
8.99667	2.101001998446534
9.00000	2.2566424317499085
9.00333	2.410887138297193
9.00667	2.5636531692685027
9.01000	2.7148584707056678
9.01333	2.8644219274806604
9.01667	3.0122634067053253
9.02000	3.15830380055892
9.02333	3.302465068510289
9.02667	3.4446702789122363
9.03000	3.584843649946291
9.03333	3.722910589896409
9.03667	3.858797736729104
9.04000	3.9924329969601473
9.04333	4.1237455837875325
9.04667	4.25266605446906
9.05000	4.379126346926518
9.05333	4.503059815556306
9.05667	4.624401266228447
9.06000	4.74308699045457
9.06333	4.859054798707976
9.06667	4.972244052878712
9.07000	5.082595697844973
9.07333	5.190052292147054
9.07667	5.294558037745685
9.08000	5.396058808851178
9.08333	5.494502179807103
9.08667	5.589837452015212
9.09000	5.682015679887995
9.09333	5.770989695814233
9.09667	5.856714134126939
9.10000	5.939145454060129
9.10333	6.018241961683179
9.10667	6.093963830802538
9.11000	6.166273122819359
9.11333	6.235133805534429
9.11667	6.300511770889783
9.12000	6.36237485163996
9.12333	6.42069283694372
9.12667	6.4754374868692155
9.13000	6.52658254580593
9.13333	6.574103754776948
9.13667	6.617978862646185
9.14000	6.658187636215239
9.14333	6.6947118692058085
9.14667	6.727535390124063
9.15000	6.756644069003116
9.15333	6.782025823021807
9.15667	6.803670620997634
9.16000	6.821570486752401
9.16333	6.83571950134999
9.16667	6.846113804206294
9.17000	6.852751593071863
9.17333	6.85563312288821
9.17667	6.854760703519863
9.18000	6.850138696364425
9.18333	6.841773509843617
9.18667	6.829673593779037
9.19000	6.813849432656821
9.19333	6.794313537785939
9.19667	6.7710804383557885
9.20000	6.744166671398949
9.20333	6.713590770665594
9.20667	6.67937325441722
9.21000	6.6415366121469885
9.21333	6.6001052902353745
9.21667	6.555105676549845
9.22000	6.506566083998433
9.22333	6.454516733046999
9.22667	6.398989733210543
9.23000	6.340019063530706
9.23333	6.277640552050104
9.23667	6.211891854296437
9.24000	6.142812430788948
9.24333	6.07044352358053
9.24667	5.994828131849622
9.25000	5.916010986555321
9.25333	5.834038524172061
9.25667	5.748958859517685
9.26000	5.660821757691577
9.26333	5.569678605138886
9.26667	5.475582379857514
9.27000	5.378587620765478
9.27333	5.278750396245096
9.27667	5.176128271883993
9.28000	5.070780277429497
9.28333	4.9627668729764345
9.28667	4.852149914407284
9.29000	4.738992618104399
9.29333	4.623359524954403
9.29667	4.505316463664846
9.30000	4.384930513414844
9.30333	4.262269965859525
9.30667	4.137404286510728
9.31000	4.010404075515341
9.31333	3.881341027853412
9.31667	3.7502878929784154
9.32000	3.6173184339223474
9.32333	3.4825073858885593
9.32667	3.3459304143555264
9.33000	3.2076640727149672
9.33333	3.0677857594680065
9.33667	2.9263736750032106
9.34000	2.7835067779806133
9.34333	2.6392647413459915
9.34667	2.493727907999836
9.35000	2.3469772461456326
9.35333	2.199094304342221
9.35667	2.0501611662851205
9.36000	1.9002604053418513
9.36333	1.7494750388663802
9.36667	1.5978884823179116
9.37000	1.4455845032094259
9.37333	1.292647174910686
9.37667	1.139160830333184
9.38000	0.9852100155186827
9.38333	0.8308794431614823
9.38667	0.6762539460861154
9.39000	0.5214184307080014
9.39333	0.36645783050189734
9.39667	0.2114570595036888
9.40000	0.05650096587092599
9.40333	-0.09832571447254687
9.40667	-0.25293840408259294
9.41000	-0.40725273010622454
9.41333	-0.5611845702333966
9.41667	-0.7146500984641746
9.42000	-0.8675658306664247
9.42333	-1.0198486698993223
9.42667	-1.1714159514780251
9.43000	-1.3221854877557688
9.43333	-1.4720756125972427
9.43667	-1.6210052255224567
9.44000	-1.7688938354940564
9.44333	-1.9156616043264438
9.44667	-2.06122938969269
9.45000	-2.20551878770613
9.45333	-2.3484521750544047
9.45667	-2.4899527506615082
9.46000	-2.6299445768585246
9.46333	-2.768352620038473
9.46667	-2.905102790774114
9.47000	-3.040121983378428
9.47333	-3.1733381148854116
9.47667	-3.304680163431528
9.48000	-3.43407820601569
9.48333	-3.561463455620468
9.48667	-3.6867682976726117
9.49000	-3.8099263258236804
9.49333	-3.9308723770340586
9.49667	-4.049542565939175
9.50000	-4.165874318482009
9.50333	-4.279806404792151
9.50667	-4.391278971296799
9.51000	-4.500233572044806
9.51333	-4.6066131992275805
9.51667	-4.710362312882843
9.52000	-4.811426869763435
9.52333	-4.909754351358143
9.52667	-5.0052937910483095
9.53000	-5.097995800388395
9.53333	-5.187812594495259
9.53667	-5.274698016533647
9.54000	-5.3586075612857655
9.54333	-5.439498397793276
9.54667	-5.51732939105911
9.55000	-5.592061122798952
9.55333	-5.663655911232613
9.55667	-5.73207782990438
9.56000	-5.797292725523149
9.56333	-5.859268234814715
9.56667	-5.917973800376777
9.57000	-5.973380685529386
9.57333	-6.025461988154028
9.57667	-6.07419265351475
9.58000	-6.119549486055108
9.58333	-6.16151116016543
9.58667	-6.200058229916347
9.59000	-6.235173137753487
9.59333	-6.266840222149934
9.59667	-6.295045724213472
9.60000	-6.3197777932461765
9.60333	-6.341026491253836
9.60667	-6.358783796404443
9.61000	-6.373043605434713
9.61333	-6.383801735004306
9.61667	-6.39105592199818
9.62000	-6.394805822778063
9.62333	-6.395053011384489
9.62667	-6.391800976691397
9.63000	-6.385055118516059
9.63333	-6.374822742687461
9.63667	-6.361113055076922
9.64000	-6.343937154595343
9.64333	-6.3233080251619675
9.64667	-6.299240526649958
9.65000	-6.271751384815127
9.65333	-6.240859180214124
9.65667	-6.20658433611917
9.66000	-6.168949105437145
9.66333	-6.127977556641226
9.66667	-6.083695558723695
9.67000	-6.036130765178919
9.67333	-5.985312597026963
9.67667	-5.931272224887526
9.68000	-5.874042550114813
9.68333	-5.813658185005593
9.68667	-5.750155432091114
9.69000	-5.683572262526046
9.69333	-5.613948293586239
9.69667	-5.541324765289827
9.70000	-5.465744516154336
9.70333	-5.387251958103863
9.70667	-5.305893050542179
9.71000	-5.2217152736053265
9.71333	-5.134767600610152
9.71667	-5.04510046971406
9.72000	-4.952765754803106
9.72333	-4.857816735624462
9.72667	-4.760308067180029
9.73000	-4.66029574840032
9.73333	-4.557837090114602
9.73667	-4.452990682336732
9.74000	-4.3458163608848945
9.74333	-4.236375173354182
9.74667	-4.1247293444617785
9.75000	-4.010942240782943
9.75333	-3.89507833490008
9.75667	-3.777203168982748
9.76000	-3.6573833178205404
9.76333	-3.5356863513291805
9.76667	-3.4121807965508517
9.77000	-3.2869360991706102
9.77333	-3.1600225845688876
9.77667	-3.031511418434455
9.78000	-2.9014745669572664
9.78333	-2.769984756624948
9.78667	-2.6371154336448255
9.79000	-2.50294072301415
9.79333	-2.3675353872613627
9.79667	-2.2309747848808263
9.80000	-2.0933348284852995
9.80333	-1.9546919426977187
9.80667	-1.8151230218068117
9.81000	-1.6747053872094781
9.81333	-1.5335167446635087
9.81667	-1.391635141374237
9.82000	-1.2491389229387757
9.82333	-1.1061066901715393
9.82667	-0.9626172558347985
9.83000	-0.8187496012980382
9.83333	-0.6745828331499102
9.83667	-0.5301961397865627
9.84000	-0.3856687480001282
9.84333	-0.24107987959111948
9.84667	-0.09650870802844741
9.85000	0.047965684819274365
9.85333	0.19226435185753862
9.85667	0.3363085238213438
9.86000	0.4800196521887482
9.86333	0.6233194519292468
9.86667	0.7661299440637522
9.87000	0.9083734980130022
9.87333	1.0499728737120462
9.87667	1.1908512634661128
9.88000	1.3309323335287608
9.88333	1.4701402653755424
9.88667	1.6083997966544423
9.89000	1.7456362617891297
9.89333	1.8817756322137664
9.89667	2.0167445562176542
9.90000	2.1504703983783258
9.90333	2.2828812785619266
9.90667	2.413906110469999
9.91000	2.543474639712044
9.91333	2.6715174813835345
9.91667	2.797966157129304
9.92000	2.9227531316725934
9.92333	3.045811848790307
9.92667	3.1670767667152946
9.93000	3.2864833929473996
9.93333	3.4039683184532947
9.93667	3.5194692512396033
9.94000	3.632925049278928
9.94333	3.744275752773489
9.94667	3.8534626157374277
9.95000	3.9604281368836247
9.95333	4.065116089796894
9.95667	4.167471552377878
9.96000	4.267440935543997
9.96333	4.3649720111707015
9.96667	4.460013939258948
9.97000	4.552517294315638
9.97333	4.642434090932466
9.97667	4.729717808550755
9.98000	4.8143234153983965
9.98333	4.8962073915884865
9.98667	4.975327751366332
9.99000	5.051644064493647
9.99333	5.125117476760481
9.99667	5.195710729612831
10.0000	5.263388178887462
