3.450000000000000000e+02,0.000000000000000000e+00,-1.200783070335419422e-01
2.210000000000000000e+02,8.988820200000000732e-03,-2.012494805022382593e-01
1.100000000000000000e+01,1.797764040000000146e-02,-2.417701335859846201e-01
1.960000000000000000e+02,2.696646049999999739e-02,-3.216670045302094660e-01
6.990000000000000000e+02,3.595528070000000159e-02,-3.351898678406742826e-01
2.440000000000000000e+02,4.494410089999999885e-02,-3.126469819016124418e-01
1.780000000000000000e+02,5.393292110000000306e-02,-4.782119044673326380e-01
2.470000000000000000e+02,6.292174130000000032e-02,-5.773451962338025378e-01
2.670000000000000000e+02,7.191056149999999758e-02,-4.624206039289781023e-01
6.340000000000000000e+02,8.089938160000000045e-02,-6.301488896495511804e-01
5.610000000000000000e+02,8.988820179999999771e-02,-6.322651920998656472e-01
4.480000000000000000e+02,9.887702199999999497e-02,-6.653465479756320855e-01
3.600000000000000000e+01,1.078658422000000061e-01,-7.354366753475044538e-01
6.520000000000000000e+02,1.168546624000000034e-01,-7.001477465519866383e-01
4.120000000000000000e+02,1.258434824999999924e-01,-7.463418766080955891e-01
3.760000000000000000e+02,1.348323026999999896e-01,-8.738435368079621179e-01
1.370000000000000000e+02,1.438211228999999869e-01,-9.188984947545220106e-01
1.710000000000000000e+02,1.528099431000000119e-01,-8.765298315202123547e-01
3.420000000000000000e+02,1.617987633000000092e-01,-9.010095611698881735e-01
4.450000000000000000e+02,1.707875835000000064e-01,-9.265292609568053228e-01
6.970000000000000000e+02,1.797764035999999954e-01,-9.107538693274451758e-01
4.460000000000000000e+02,1.887652237999999927e-01,-9.486834546012263836e-01
1.830000000000000000e+02,1.977540439999999899e-01,-9.187821570909181501e-01
5.810000000000000000e+02,2.067428642000000150e-01,-9.914457465909712885e-01
5.320000000000000000e+02,2.157316844000000122e-01,-9.966438812513649381e-01
3.150000000000000000e+02,2.247205045000000012e-01,-1.074119383318605569e+00
2.450000000000000000e+02,2.337093246999999985e-01,-1.058394775485296480e+00
2.580000000000000000e+02,2.426981448999999957e-01,-1.023059662662122893e+00
2.150000000000000000e+02,2.516869650999999930e-01,-1.020485639323794880e+00
6.170000000000000000e+02,2.606757853000000180e-01,-9.842603957117255220e-01
1.640000000000000000e+02,2.696646054999999875e-01,-1.001650894483017362e+00
3.490000000000000000e+02,2.786534256000000043e-01,-9.725657560488942810e-01
6.540000000000000000e+02,2.876422457999999738e-01,-9.477768221971607510e-01
3.940000000000000000e+02,2.966310659999999988e-01,-8.786454634866232016e-01
1.800000000000000000e+01,3.056198862000000238e-01,-7.964238669755689948e-01
6.930000000000000000e+02,3.146087063999999933e-01,-7.972972542492876569e-01
4.240000000000000000e+02,3.235975266000000183e-01,-7.202901982302094552e-01
5.550000000000000000e+02,3.325863467000000351e-01,-7.359750028673139877e-01
5.630000000000000000e+02,3.415751668999999491e-01,-7.427340246879741148e-01
9.800000000000000000e+01,3.505639871000000296e-01,-6.856289181691764822e-01
2.010000000000000000e+02,3.595528072999999436e-01,-6.330134526310469134e-01
3.330000000000000000e+02,3.685416275000000241e-01,-5.232867505574245737e-01
2.700000000000000000e+02,3.775304475999999854e-01,-4.948873096503513258e-01
6.500000000000000000e+02,3.865192678000000104e-01,-4.708849742495563317e-01
5.800000000000000000e+02,3.955080879999999799e-01,-3.832812387667079435e-01
2.740000000000000000e+02,4.044969082000000049e-01,-2.762349793957900590e-01
3.770000000000000000e+02,4.134857284000000299e-01,-2.636282569822075428e-01
6.900000000000000000e+02,4.224745485999999994e-01,-2.513237375926924422e-01
3.020000000000000000e+02,4.314633686999999607e-01,-1.173602966020366456e-01
1.250000000000000000e+02,4.404521888999999857e-01,-6.436613737380812716e-02
6.760000000000000000e+02,4.494410090999999552e-01,-1.532991039177236392e-01
2.630000000000000000e+02,4.584298292999999802e-01,5.951735094005218552e-02
4.400000000000000000e+01,4.674186495000000052e-01,6.162127302837071274e-02
3.820000000000000000e+02,4.764074696000000220e-01,2.797433536272488919e-01
3.050000000000000000e+02,4.853962897999999915e-01,3.068561119283362282e-01
4.790000000000000000e+02,4.943851100000000165e-01,2.742381343290561380e-01
3.560000000000000000e+02,5.033739301999999860e-01,4.466706657411800285e-01
6.600000000000000000e+02,5.123627504000000110e-01,4.346002810417546325e-01
3.980000000000000000e+02,5.213515706000000360e-01,5.139876127580387255e-01
3.840000000000000000e+02,5.303403907000000528e-01,4.874508071464906944e-01
4.300000000000000000e+02,5.393292109000000778e-01,6.212864075498394367e-01
1.920000000000000000e+02,5.483180310999999918e-01,6.902707834701178324e-01
2.200000000000000000e+02,5.573068513000000168e-01,7.529907537887130520e-01
2.780000000000000000e+02,5.662956714999999308e-01,5.761378470783427019e-01
6.430000000000000000e+02,5.752844915999999476e-01,8.552117430820398436e-01
8.000000000000000000e+00,5.842733117999999726e-01,8.357669464825506767e-01
4.020000000000000000e+02,5.932621319999999976e-01,9.015308371592977155e-01
3.030000000000000000e+02,6.022509522000000226e-01,8.928286024469613835e-01
1.340000000000000000e+02,6.112397724000000476e-01,9.273596656932082682e-01
1.540000000000000000e+02,6.202285925999999616e-01,9.835670871724135900e-01
4.510000000000000000e+02,6.292174126999999784e-01,9.616117131908550331e-01
5.860000000000000000e+02,6.382062329000000034e-01,9.961657826688866679e-01
2.410000000000000000e+02,6.471950531000000284e-01,1.100574580506942457e+00
6.530000000000000000e+02,6.561838732999999424e-01,1.008845522027188579e+00
6.010000000000000000e+02,6.651726934999999674e-01,1.098025980872949336e+00
3.530000000000000000e+02,6.741615135999999842e-01,9.482944459101104728e-01
2.590000000000000000e+02,6.831503337999998982e-01,9.557840818382268289e-01
3.100000000000000000e+02,6.921391540000000342e-01,8.923957353309602825e-01
3.220000000000000000e+02,7.011279742000000592e-01,9.049724670724557107e-01
7.800000000000000000e+01,7.101167943999999732e-01,8.803389943822682584e-01
1.580000000000000000e+02,7.191056145999998872e-01,8.463982993762690921e-01
6.600000000000000000e+01,7.280944347000000150e-01,8.344334813094623771e-01
6.300000000000000000e+01,7.370832548999999290e-01,8.427497664505113617e-01
6.210000000000000000e+02,7.460720751000000650e-01,8.372108032361339491e-01
4.330000000000000000e+02,7.550608952999999790e-01,6.968891867351257874e-01
5.100000000000000000e+01,7.640497155000000040e-01,6.509113736217753132e-01
6.440000000000000000e+02,7.730385356000000208e-01,6.026508884147753209e-01
5.760000000000000000e+02,7.820273557999999348e-01,4.929415954678880718e-01
5.000000000000000000e+00,7.910161759999999598e-01,4.986807090598222580e-01
1.880000000000000000e+02,8.000049962000000958e-01,4.038461345524063106e-01
4.990000000000000000e+02,8.089938164000000098e-01,3.574966665343920491e-01
6.400000000000000000e+01,8.179826365999999238e-01,2.796905936218985755e-01
5.480000000000000000e+02,8.269714567000000516e-01,2.410081446882709200e-01
9.900000000000000000e+01,8.359602768999999656e-01,9.277566697208505797e-02
1.330000000000000000e+02,8.449490970999998796e-01,-6.757914425580505147e-03
3.570000000000000000e+02,8.539379173000000156e-01,9.579293715023329617e-03
2.170000000000000000e+02,8.629267375000000406e-01,-9.394243988333658701e-02
8.400000000000000000e+01,8.719155576000000574e-01,-2.012388783321845120e-01
6.450000000000000000e+02,8.809043777999999714e-01,-3.100650577391069751e-01
4.190000000000000000e+02,8.898931979999999964e-01,-3.666107984660967878e-01
3.350000000000000000e+02,8.988820181999999104e-01,-3.050594500629003059e-01
4.520000000000000000e+02,9.078708384000000464e-01,-4.317982166600140559e-01
1.870000000000000000e+02,9.168596585999999604e-01,-4.725594000958467933e-01
5.690000000000000000e+02,9.258484787000000882e-01,-6.368542818565887664e-01
3.310000000000000000e+02,9.348372989000000022e-01,-6.318955222686478690e-01
1.280000000000000000e+02,9.438261190999999162e-01,-6.309289766257473175e-01
2.830000000000000000e+02,9.528149393000000522e-01,-6.589090705466740250e-01
1.450000000000000000e+02,9.618037595000000772e-01,-8.172689422916675772e-01
4.670000000000000000e+02,9.707925796999999912e-01,-8.300600362368353302e-01
1.290000000000000000e+02,9.797813998000000080e-01,-8.816282582127883405e-01
1.720000000000000000e+02,9.887702200000000330e-01,-9.440223636620703740e-01
2.570000000000000000e+02,9.977590401999999470e-01,-9.855949503645782261e-01
2.050000000000000000e+02,1.006747860399999972e+00,-8.470172940572775477e-01
4.840000000000000000e+02,1.015736680600000108e+00,-9.839812651742207983e-01
1.520000000000000000e+02,1.024725500700000014e+00,-1.007472189829593079e+00
5.170000000000000000e+02,1.033714320899999928e+00,-9.646971022152486253e-01
3.880000000000000000e+02,1.042703141100000064e+00,-9.711704945656689514e-01
3.960000000000000000e+02,1.051691961299999978e+00,-9.757314847989612128e-01
2.910000000000000000e+02,1.060680781500000114e+00,-9.803954123960881839e-01
4.290000000000000000e+02,1.069669601700000028e+00,-9.789198188083622076e-01
5.190000000000000000e+02,1.078658421800000156e+00,-9.232418617987059317e-01
3.250000000000000000e+02,1.087647242000000070e+00,-9.423234998565024334e-01
2.700000000000000000e+01,1.096636062199999984e+00,-9.883382890645409091e-01
7.000000000000000000e+01,1.105624882399999898e+00,-8.194741751135662389e-01
3.750000000000000000e+02,1.114613702600000034e+00,-8.274555353006344260e-01
4.420000000000000000e+02,1.123602522699999939e+00,-7.454466608091108171e-01
3.260000000000000000e+02,1.132591342900000075e+00,-6.925020062530451437e-01
6.090000000000000000e+02,1.141580163099999989e+00,-6.493494896277105521e-01
3.060000000000000000e+02,1.150568983299999903e+00,-5.900417796244696866e-01
4.930000000000000000e+02,1.159557803500000039e+00,-5.079763627485623934e-01
4.700000000000000000e+01,1.168546623699999953e+00,-4.141954296737012098e-01
3.700000000000000000e+01,1.177535443799999859e+00,-3.507950885165490584e-01
4.880000000000000000e+02,1.186524263999999995e+00,-3.155991584719741172e-01
1.260000000000000000e+02,1.195513084199999909e+00,-1.964447496110378888e-01
6.330000000000000000e+02,1.204501904400000045e+00,-1.771571273265782342e-01
1.140000000000000000e+02,1.213490724599999959e+00,1.422070268207946409e-03
7.100000000000000000e+01,1.222479544700000087e+00,-2.772645359879540722e-02
2.500000000000000000e+02,1.231468364900000001e+00,9.587320914930107241e-02
4.680000000000000000e+02,1.240457185100000137e+00,2.819526839494896353e-01
2.660000000000000000e+02,1.249446005300000051e+00,2.755252458583800634e-01
4.540000000000000000e+02,1.258434825499999965e+00,3.921265637322878250e-01
3.800000000000000000e+01,1.267423645699999879e+00,4.963865907655083953e-01
3.690000000000000000e+02,1.276412465800000007e+00,4.560501472015560109e-01
6.050000000000000000e+02,1.285401285999999921e+00,5.194421672143162416e-01
4.010000000000000000e+02,1.294390106200000057e+00,5.536375612032919946e-01
3.660000000000000000e+02,1.303378926399999971e+00,6.569534287558642660e-01
6.650000000000000000e+02,1.312367746599999885e+00,7.990149975808950034e-01
4.850000000000000000e+02,1.321356566700000013e+00,8.012725549240118372e-01
5.250000000000000000e+02,1.330345386899999927e+00,8.505748612631683914e-01
5.700000000000000000e+01,1.339334207099999841e+00,8.763352488145743635e-01
1.700000000000000000e+02,1.348323027299999977e+00,9.068375502630175999e-01
6.750000000000000000e+02,1.357311847499999891e+00,8.920433262072059444e-01
3.180000000000000000e+02,1.366300667700000027e+00,9.429772717050421971e-01
3.990000000000000000e+02,1.375289487799999932e+00,9.795150526690045156e-01
2.380000000000000000e+02,1.384278308000000068e+00,9.021002354592020378e-01
3.870000000000000000e+02,1.393267128199999982e+00,9.599820795264986106e-01
2.280000000000000000e+02,1.402255948400000118e+00,1.066115311121387021e+00
1.760000000000000000e+02,1.411244768600000032e+00,1.014524381652231577e+00
4.620000000000000000e+02,1.420233588699999938e+00,9.991241884270367635e-01
3.700000000000000000e+02,1.429222408899999852e+00,8.604402779731148421e-01
1.160000000000000000e+02,1.438211229099999988e+00,9.794525877072666198e-01
6.000000000000000000e+02,1.447200049300000124e+00,8.971556063162972050e-01
4.000000000000000000e+00,1.456188869499999816e+00,8.324188332776418786e-01
6.480000000000000000e+02,1.465177689699999952e+00,7.888227780038080672e-01
2.680000000000000000e+02,1.474166509799999858e+00,7.898214998149805099e-01
4.890000000000000000e+02,1.483155329999999994e+00,6.399708125888246002e-01
1.950000000000000000e+02,1.492144150200000130e+00,6.415671880680058337e-01
3.830000000000000000e+02,1.501132970399999822e+00,6.140649908051750705e-01
4.920000000000000000e+02,1.510121790599999958e+00,4.440166010400475316e-01
9.500000000000000000e+01,1.519110610699999864e+00,4.645225184225785231e-01
9.700000000000000000e+01,1.528099430900000000e+00,3.533402522583289351e-01
5.150000000000000000e+02,1.537088251100000136e+00,3.524845105761601483e-01
5.880000000000000000e+02,1.546077071300000050e+00,1.828476487216404989e-01
3.860000000000000000e+02,1.555065891499999964e+00,2.284143160490676727e-01
3.190000000000000000e+02,1.564054711699999878e+00,1.432365546373578491e-01
4.390000000000000000e+02,1.573043531800000006e+00,-1.633037274336800182e-02
3.600000000000000000e+02,1.582032351999999920e+00,-1.351422169649394989e-01
6.410000000000000000e+02,1.591021172200000056e+00,-2.096974310933114594e-01
4.530000000000000000e+02,1.600009992400000192e+00,-2.028767211624956657e-01
6.860000000000000000e+02,1.608998812599999884e+00,-3.528227124708849249e-01
2.720000000000000000e+02,1.617987632800000020e+00,-4.170485794451663231e-01
6.460000000000000000e+02,1.626976452899999925e+00,-4.725934698696864222e-01
9.100000000000000000e+01,1.635965273100000061e+00,-5.601890811566924144e-01
2.310000000000000000e+02,1.644954093300000197e+00,-5.295329487303256366e-01
4.430000000000000000e+02,1.653942913499999889e+00,-6.692546042905878068e-01
1.440000000000000000e+02,1.662931733700000025e+00,-7.248392399615345427e-01
4.770000000000000000e+02,1.671920553799999931e+00,-8.293579456645114867e-01
6.190000000000000000e+02,1.680909374000000067e+00,-8.777577138848589033e-01
1.670000000000000000e+02,1.689898194199999759e+00,-8.095643058020367544e-01
1.630000000000000000e+02,1.698887014399999895e+00,-9.552094712633278917e-01
3.920000000000000000e+02,1.707875834600000031e+00,-9.073607908558269930e-01
3.110000000000000000e+02,1.716864654799999945e+00,-1.006293348668491516e+00
5.300000000000000000e+02,1.725853474900000073e+00,-9.825380207310829839e-01
1.380000000000000000e+02,1.734842295099999987e+00,-9.718284636378086150e-01
2.800000000000000000e+02,1.743831115299999901e+00,-1.023676640125879889e+00
5.600000000000000000e+02,1.752819935500000037e+00,-1.029232746863897985e+00
1.680000000000000000e+02,1.761808755699999951e+00,-1.004241107020902080e+00
5.030000000000000000e+02,1.770797575800000079e+00,-9.171559613115326526e-01
3.440000000000000000e+02,1.779786395999999993e+00,-8.953023729883637927e-01
6.130000000000000000e+02,1.788775216200000129e+00,-8.567290059317410611e-01
1.000000000000000000e+01,1.797764036399999821e+00,-9.809104893531598313e-01
4.310000000000000000e+02,1.806752856599999957e+00,-8.260424656795644083e-01
4.350000000000000000e+02,1.815741676800000093e+00,-7.696948498647671055e-01
1.350000000000000000e+02,1.824730496899999999e+00,-8.310968983205444527e-01
7.900000000000000000e+01,1.833719317100000135e+00,-7.071295183360848391e-01
3.410000000000000000e+02,1.842708137299999827e+00,-7.310508573744041172e-01
5.910000000000000000e+02,1.851696957499999963e+00,-5.998086255789458754e-01
5.790000000000000000e+02,1.860685777700000099e+00,-4.993018017264574393e-01
3.670000000000000000e+02,1.869674597800000004e+00,-4.413469513390907428e-01
1.470000000000000000e+02,1.878663418000000140e+00,-3.944655702501117522e-01
4.500000000000000000e+02,1.887652238199999832e+00,-2.933220516940748812e-01
6.000000000000000000e+00,1.896641058399999968e+00,-2.389720372478364441e-01
5.670000000000000000e+02,1.905629878600000104e+00,-1.251543949862682914e-01
6.070000000000000000e+02,1.914618698800000018e+00,-4.519563615740539858e-02
3.730000000000000000e+02,1.923607518899999924e+00,-1.145242234568469991e-03
1.860000000000000000e+02,1.932596339100000060e+00,4.093948139214931281e-03
6.980000000000000000e+02,1.941585159299999974e+00,1.415929200764593776e-01
1.740000000000000000e+02,1.950573979499999888e+00,2.753031315164310433e-01
6.570000000000000000e+02,1.959562799700000024e+00,2.907109618727324318e-01
5.680000000000000000e+02,1.968551619799999930e+00,3.702156543935615218e-01
5.410000000000000000e+02,1.977540440000000066e+00,5.029886497405943180e-01
6.550000000000000000e+02,1.986529260200000202e+00,5.641445353217773295e-01
2.080000000000000000e+02,1.995518080399999894e+00,5.133386096290131206e-01
5.900000000000000000e+01,2.004506900600000030e+00,6.030170886986477852e-01
6.110000000000000000e+02,2.013495720799999944e+00,7.539752096668866921e-01
5.500000000000000000e+01,2.022484540899999850e+00,7.575782723344451908e-01
1.090000000000000000e+02,2.031473361100000208e+00,8.461593363699736470e-01
3.140000000000000000e+02,2.040462181300000122e+00,8.817137328831669008e-01
2.550000000000000000e+02,2.049451001500000036e+00,9.317462674080358997e-01
6.230000000000000000e+02,2.058439821699999950e+00,9.181811275395258543e-01
2.460000000000000000e+02,2.067428641799999856e+00,9.505535590230167475e-01
6.800000000000000000e+01,2.076417461999999770e+00,1.005081844655784762e+00
2.750000000000000000e+02,2.085406282200000128e+00,9.917929081364853516e-01
2.800000000000000000e+01,2.094395102400000042e+00,1.100546981494278320e+00
4.800000000000000000e+01,2.103383922599999956e+00,9.148067925582484827e-01
4.660000000000000000e+02,2.112372742799999870e+00,9.516022739667081565e-01
4.860000000000000000e+02,2.121361562899999775e+00,9.209870703590450347e-01
5.080000000000000000e+02,2.130350383100000133e+00,9.104229647761353794e-01
3.210000000000000000e+02,2.139339203300000047e+00,9.173045025093155003e-01
5.130000000000000000e+02,2.148328023499999961e+00,9.168505114768022990e-01
5.070000000000000000e+02,2.157316843699999875e+00,9.132080614595162738e-01
2.120000000000000000e+02,2.166305663799999781e+00,8.694474709344701679e-01
3.740000000000000000e+02,2.175294484000000139e+00,8.296990848561287546e-01
5.460000000000000000e+02,2.184283304200000053e+00,7.825154621885039852e-01
3.040000000000000000e+02,2.193272124399999967e+00,6.760024134213099556e-01
6.360000000000000000e+02,2.202260944599999881e+00,6.416631248440843871e-01
4.570000000000000000e+02,2.211249764799999795e+00,6.506216272921382382e-01
1.410000000000000000e+02,2.220238584900000145e+00,5.390472378246803364e-01
1.220000000000000000e+02,2.229227405100000059e+00,4.534750720701896665e-01
2.400000000000000000e+02,2.238216225299999973e+00,4.117650275767669732e-01
3.230000000000000000e+02,2.247205045500000331e+00,3.770357035295630599e-01
4.720000000000000000e+02,2.256193865699999801e+00,3.464206219977720158e-01
6.730000000000000000e+02,2.265182685900000159e+00,1.349187010897101857e-01
3.160000000000000000e+02,2.274171506000000065e+00,7.728773011875690602e-02
1.490000000000000000e+02,2.283160326199999979e+00,1.511969956169451068e-03
7.400000000000000000e+01,2.292149146399999893e+00,3.299501364654076896e-02
1.400000000000000000e+02,2.301137966599999807e+00,-1.067045449051234191e-01
5.590000000000000000e+02,2.310126786800000165e+00,-1.716324761595236226e-01
4.910000000000000000e+02,2.319115606900000071e+00,-3.139131125156758295e-01
4.100000000000000000e+01,2.328104427099999985e+00,-2.979047260544757658e-01
6.660000000000000000e+02,2.337093247299999899e+00,-2.856678810738008667e-01
6.870000000000000000e+02,2.346082067499999813e+00,-5.561826848511743915e-01
4.210000000000000000e+02,2.355070887700000171e+00,-4.970597659805813806e-01
2.180000000000000000e+02,2.364059707900000085e+00,-5.836506898705574597e-01
7.700000000000000000e+01,2.373048527999999990e+00,-7.910103795075622557e-01
1.050000000000000000e+02,2.382037348199999904e+00,-6.794051065435332548e-01
6.700000000000000000e+01,2.391026168399999818e+00,-7.767219626042896063e-01
4.370000000000000000e+02,2.400014988600000176e+00,-7.336070970640002908e-01
4.180000000000000000e+02,2.409003808800000090e+00,-8.740932749265062363e-01
6.160000000000000000e+02,2.417992628899999996e+00,-8.485702381947642925e-01
4.980000000000000000e+02,2.426981449099999910e+00,-9.091065978862208352e-01
3.010000000000000000e+02,2.435970269300000268e+00,-8.535988256513227235e-01
1.570000000000000000e+02,2.444959089499999738e+00,-9.352388584970670049e-01
3.170000000000000000e+02,2.453947909700000096e+00,-9.767651431813402230e-01
5.280000000000000000e+02,2.462936729900000010e+00,-9.789798821885666857e-01
2.950000000000000000e+02,2.471925549999999916e+00,-8.877744246356467084e-01
9.000000000000000000e+01,2.480914370200000274e+00,-1.067213008845282918e+00
3.460000000000000000e+02,2.489903190399999744e+00,-1.001604396460820112e+00
2.600000000000000000e+02,2.498892010600000102e+00,-1.042313228683566351e+00
1.360000000000000000e+02,2.507880830800000016e+00,-9.750639877464883920e-01
5.800000000000000000e+01,2.516869650899999922e+00,-1.004737827431239960e+00
4.490000000000000000e+02,2.525858471100000280e+00,-9.447001576849428650e-01
5.040000000000000000e+02,2.534847291299999750e+00,-9.055025119960478097e-01
4.220000000000000000e+02,2.543836111500000108e+00,-8.422521860074460021e-01
6.080000000000000000e+02,2.552824931700000022e+00,-9.533480500322009110e-01
6.390000000000000000e+02,2.561813751899999936e+00,-8.554082685376929174e-01
2.640000000000000000e+02,2.570802571999999842e+00,-8.369465545854909427e-01
2.000000000000000000e+00,2.579791392200000200e+00,-7.257621452973038734e-01
3.900000000000000000e+01,2.588780212400000114e+00,-6.703854993243039129e-01
2.250000000000000000e+02,2.597769032600000028e+00,-6.674592765699723929e-01
4.380000000000000000e+02,2.606757852799999942e+00,-5.257629348051889862e-01
5.400000000000000000e+02,2.615746672899999847e+00,-6.189759702826032051e-01
1.790000000000000000e+02,2.624735493100000205e+00,-3.933259538702426061e-01
1.610000000000000000e+02,2.633724313300000119e+00,-3.749197138930006612e-01
5.500000000000000000e+02,2.642713133500000033e+00,-4.068959024550747317e-01
5.840000000000000000e+02,2.651701953699999947e+00,-2.814711335658005575e-01
1.590000000000000000e+02,2.660690773899999861e+00,-2.156073401613760043e-01
3.850000000000000000e+02,2.669679594000000211e+00,-1.731462687806058776e-01
4.950000000000000000e+02,2.678668414199999681e+00,-1.590398200158381348e-02
2.890000000000000000e+02,2.687657234400000039e+00,-5.007597853160707796e-02
1.930000000000000000e+02,2.696646054599999953e+00,5.308164739311377334e-02
6.830000000000000000e+02,2.705634874800000311e+00,1.896843065415860230e-01
1.210000000000000000e+02,2.714623694900000217e+00,1.683431222977600783e-01
2.840000000000000000e+02,2.723612515099999687e+00,2.012199049071780044e-01
6.220000000000000000e+02,2.732601335299999601e+00,3.210200388322883569e-01
2.880000000000000000e+02,2.741590155499999959e+00,3.572229077132360042e-01
5.650000000000000000e+02,2.750578975699999873e+00,3.711594448022023651e-01
2.620000000000000000e+02,2.759567795899999787e+00,4.472127957659354225e-01
3.500000000000000000e+02,2.768556616000000137e+00,5.427203972556381428e-01
2.870000000000000000e+02,2.777545436200000051e+00,5.348922340348489790e-01
3.320000000000000000e+02,2.786534256399999965e+00,6.130137820590635389e-01
1.310000000000000000e+02,2.795523076600000323e+00,7.578262061513298953e-01
2.100000000000000000e+01,2.804511896800000237e+00,6.514265564740385761e-01
7.600000000000000000e+01,2.813500716900000143e+00,7.122788879367036863e-01
1.970000000000000000e+02,2.822489537099999612e+00,8.480775741065383899e-01
2.240000000000000000e+02,2.831478357299999971e+00,9.357069097308450267e-01
9.600000000000000000e+01,2.840467177499999885e+00,7.769449624886872741e-01
1.110000000000000000e+02,2.849455997699999799e+00,9.530721743661867418e-01
5.770000000000000000e+02,2.858444817900000157e+00,9.578279295713792996e-01
5.940000000000000000e+02,2.867433638000000062e+00,9.784981144197893999e-01
1.060000000000000000e+02,2.876422458199999976e+00,1.050393017285604413e+00
4.970000000000000000e+02,2.885411278399999890e+00,9.742021562468847762e-01
2.530000000000000000e+02,2.894400098600000248e+00,1.049208035546158380e+00
1.100000000000000000e+02,2.903388918800000162e+00,9.858678210538118769e-01
4.090000000000000000e+02,2.912377738999999632e+00,9.972272941483272257e-01
6.630000000000000000e+02,2.921366559100000426e+00,9.466973797577549199e-01
6.770000000000000000e+02,2.930355379299999896e+00,9.786601950417000984e-01
3.300000000000000000e+01,2.939344199499999810e+00,1.052186631385003013e+00
1.460000000000000000e+02,2.948333019700000168e+00,9.419326116638460089e-01
6.290000000000000000e+02,2.957321839900000082e+00,9.424386965291617901e-01
6.920000000000000000e+02,2.966310659999999988e+00,1.013823657180596971e+00
6.100000000000000000e+01,2.975299480199999902e+00,9.015354190342892426e-01
1.910000000000000000e+02,2.984288300400000260e+00,8.480048591942281888e-01
6.510000000000000000e+02,2.993277120600000174e+00,8.848743098996478817e-01
5.700000000000000000e+02,3.002265940799999644e+00,8.452464196966007481e-01
5.920000000000000000e+02,3.011254761000000446e+00,8.790025642297178976e-01
5.470000000000000000e+02,3.020243581100000352e+00,8.517467818495529919e-01
4.160000000000000000e+02,3.029232401299999822e+00,7.472529381907316859e-01
3.270000000000000000e+02,3.038221221499999736e+00,7.875666333879979275e-01
5.360000000000000000e+02,3.047210041700000094e+00,7.804809392351983455e-01
6.000000000000000000e+01,3.056198861900000008e+00,6.329869525485940507e-01
9.400000000000000000e+01,3.065187681999999914e+00,4.855462599679821745e-01
2.340000000000000000e+02,3.074176502200000272e+00,5.476982361861073567e-01
2.390000000000000000e+02,3.083165322400000186e+00,4.278814026064157172e-01
2.610000000000000000e+02,3.092154142600000100e+00,3.926365527742980976e-01
6.680000000000000000e+02,3.101142962799999570e+00,4.140716280610086120e-01
2.970000000000000000e+02,3.110131782999999928e+00,2.789477568553460629e-01
5.420000000000000000e+02,3.119120603099999833e+00,2.250917203352051921e-01
4.080000000000000000e+02,3.128109423299999747e+00,2.178959554572734436e-01
5.120000000000000000e+02,3.137098243500000105e+00,1.542890117769278313e-01
1.230000000000000000e+02,3.146087063700000019e+00,8.781182294554246148e-02
1.080000000000000000e+02,3.155075883899999933e+00,4.367991629174995671e-02
4.870000000000000000e+02,3.164064703999999839e+00,-1.691024793953533126e-02
1.300000000000000000e+01,3.173053524200000197e+00,-5.256252751083284602e-02
1.500000000000000000e+01,3.182042344400000111e+00,-9.903077759260632551e-02
3.290000000000000000e+02,3.191031164599999581e+00,-1.573058056169803209e-01
6.180000000000000000e+02,3.200019984800000383e+00,-2.238459229705547504e-01
3.430000000000000000e+02,3.209008804999999853e+00,-3.312108293447621477e-01
2.760000000000000000e+02,3.217997625099999759e+00,-3.012770408326843619e-01
2.510000000000000000e+02,3.226986445299999673e+00,-3.907714160796631475e-01
1.040000000000000000e+02,3.235975265500000031e+00,-4.488289397709133155e-01
2.370000000000000000e+02,3.244964085699999945e+00,-3.994289226803893755e-01
2.500000000000000000e+01,3.253952905899999859e+00,-5.792147125228235272e-01
1.150000000000000000e+02,3.262941726000000209e+00,-4.715397854869697869e-01
1.320000000000000000e+02,3.271930546200000123e+00,-5.283078724927141590e-01
3.200000000000000000e+02,3.280919366400000037e+00,-5.030526999442970215e-01
5.900000000000000000e+02,3.289908186600000395e+00,-6.207264445125177943e-01
1.020000000000000000e+02,3.298897006799999865e+00,-7.220017347919213124e-01
6.380000000000000000e+02,3.307885826999999779e+00,-7.254194823585041751e-01
1.400000000000000000e+01,3.316874647099999684e+00,-7.675346491033799845e-01
3.080000000000000000e+02,3.325863467300000043e+00,-8.707727904986294343e-01
4.110000000000000000e+02,3.334852287499999957e+00,-8.450858268266107087e-01
1.800000000000000000e+02,3.343841107699999871e+00,-8.196105000467328594e-01
1.560000000000000000e+02,3.352829927900000229e+00,-8.475468945788080521e-01
5.160000000000000000e+02,3.361818748000000134e+00,-9.229735938069758561e-01
6.950000000000000000e+02,3.370807568200000048e+00,-8.746594396761031565e-01
2.200000000000000000e+01,3.379796388399999518e+00,-1.000099340169780859e+00
5.560000000000000000e+02,3.388785208600000320e+00,-9.938273733018679890e-01
5.580000000000000000e+02,3.397774028799999790e+00,-1.015338357128864111e+00
4.500000000000000000e+01,3.406762848999999704e+00,-1.003238451002449683e+00
5.240000000000000000e+02,3.415751669100000054e+00,-9.843795179089452896e-01
6.940000000000000000e+02,3.424740489299999968e+00,-1.052375687756947897e+00
3.620000000000000000e+02,3.433729309499999882e+00,-1.017373244174817115e+00
4.260000000000000000e+02,3.442718129700000240e+00,-9.320800990605295766e-01
1.980000000000000000e+02,3.451706949900000154e+00,-9.422527810676259996e-01
1.990000000000000000e+02,3.460695770000000060e+00,-9.824221930557510696e-01
4.740000000000000000e+02,3.469684590199999974e+00,-9.507217333245721047e-01
3.800000000000000000e+02,3.478673410400000332e+00,-1.070749603203462019e+00
2.770000000000000000e+02,3.487662230599999802e+00,-1.001777171947378919e+00
4.900000000000000000e+01,3.496651050799999716e+00,-1.083549429477486559e+00
8.900000000000000000e+01,3.505639871000000074e+00,-9.363595820404045922e-01
6.350000000000000000e+02,3.514628691099999980e+00,-8.971991040633852110e-01
4.960000000000000000e+02,3.523617511299999894e+00,-8.370923921220319031e-01
6.800000000000000000e+02,3.532606331499999808e+00,-8.587740663333092161e-01
3.480000000000000000e+02,3.541595151700000166e+00,-9.029263345001589114e-01
3.340000000000000000e+02,3.550583971900000080e+00,-8.942264944596852727e-01
3.380000000000000000e+02,3.559572792099999994e+00,-9.281517509655325959e-01
8.000000000000000000e+01,3.568561612200000344e+00,-7.955977642628386803e-01
1.820000000000000000e+02,3.577550432400000258e+00,-8.887771466177365465e-01
6.120000000000000000e+02,3.586539252599999728e+00,-8.093822938587938998e-01
1.840000000000000000e+02,3.595528072799999642e+00,-6.405768614093289015e-01
2.850000000000000000e+02,3.604516893000000000e+00,-7.302332178427747289e-01
4.750000000000000000e+02,3.613505713099999905e+00,-7.232468841072835497e-01
1.550000000000000000e+02,3.622494533299999819e+00,-6.088639787936177550e-01
6.700000000000000000e+02,3.631483353500000177e+00,-6.063366875273701329e-01
6.580000000000000000e+02,3.640472173700000091e+00,-6.496365029053007278e-01
3.090000000000000000e+02,3.649460993900000005e+00,-6.565132516422892417e-01
4.590000000000000000e+02,3.658449814100000363e+00,-4.524704124809453276e-01
4.040000000000000000e+02,3.667438634200000269e+00,-5.509223200436073054e-01
1.690000000000000000e+02,3.676427454400000183e+00,-5.009585084508666464e-01
2.810000000000000000e+02,3.685416274599999653e+00,-4.335503983079251888e-01
2.930000000000000000e+02,3.694405094800000011e+00,-4.313016472472364637e-01
3.500000000000000000e+01,3.703393914999999925e+00,-3.213371785675351866e-01
1.600000000000000000e+02,3.712382735099999831e+00,-2.993412162895434103e-01
5.050000000000000000e+02,3.721371555299999745e+00,-3.483192712050128259e-01
6.610000000000000000e+02,3.730360375500000103e+00,-2.885651112985471167e-01
3.280000000000000000e+02,3.739349195700000017e+00,-2.494193683820666307e-01
3.520000000000000000e+02,3.748338015899999931e+00,-1.685598006453585540e-01
6.370000000000000000e+02,3.757326836100000289e+00,-9.960084788060646899e-02
2.130000000000000000e+02,3.766315656200000195e+00,3.460946202472157951e-02
1.480000000000000000e+02,3.775304476399999665e+00,3.565747087064724541e-03
2.000000000000000000e+01,3.784293296600000467e+00,-3.886788417558917352e-02
3.790000000000000000e+02,3.793282116799999937e+00,4.382198363568369504e-02
6.300000000000000000e+02,3.802270936999999851e+00,1.351315313119428041e-01
3.590000000000000000e+02,3.811259757099999756e+00,1.394052293239325391e-01
2.990000000000000000e+02,3.820248577300000115e+00,1.767119684524165180e-01
4.060000000000000000e+02,3.829237397500000029e+00,1.444410281256102713e-01
6.400000000000000000e+02,3.838226217699999943e+00,1.014511746823433119e-01
4.830000000000000000e+02,3.847215037900000301e+00,2.056407703454811164e-01
3.630000000000000000e+02,3.856203858100000215e+00,2.511101572458736553e-01
2.140000000000000000e+02,3.865192678200000120e+00,3.706702574949944928e-01
5.100000000000000000e+02,3.874181498399999590e+00,3.998453187110738161e-01
6.150000000000000000e+02,3.883170318599999948e+00,3.328569741121475967e-01
5.600000000000000000e+01,3.892159138799999862e+00,4.562918201580591915e-01
6.200000000000000000e+01,3.901147958999999776e+00,4.440382120750474559e-01
1.170000000000000000e+02,3.910136779100000126e+00,3.912133567925155653e-01
5.710000000000000000e+02,3.919125599300000040e+00,4.266634227077049646e-01
5.090000000000000000e+02,3.928114419499999954e+00,5.507746376098709984e-01
5.430000000000000000e+02,3.937103239700000312e+00,4.484095675930035441e-01
6.850000000000000000e+02,3.946092059900000226e+00,6.604219593177275138e-01
6.270000000000000000e+02,3.955080880099999696e+00,6.190761924517954595e-01
4.340000000000000000e+02,3.964069700199999602e+00,5.600029324920090534e-01
1.730000000000000000e+02,3.973058520400000404e+00,6.045850454085422987e-01
3.070000000000000000e+02,3.982047340599999874e+00,6.870251834408130920e-01
2.000000000000000000e+02,3.991036160799999788e+00,7.837140646384377352e-01
6.060000000000000000e+02,4.000024981000000146e+00,8.528087515072875213e-01
3.810000000000000000e+02,4.009013801100000052e+00,6.576411748260209134e-01
1.810000000000000000e+02,4.018002621299999966e+00,9.195797012475237509e-01
5.210000000000000000e+02,4.026991441499999880e+00,8.159907558875122424e-01
7.200000000000000000e+01,4.035980261699999794e+00,7.501298127555885431e-01
6.470000000000000000e+02,4.044969081899999708e+00,9.074538739059060388e-01
2.300000000000000000e+02,4.053957902099999622e+00,7.253263658780522150e-01
3.100000000000000000e+01,4.062946722200000416e+00,8.322195560314618046e-01
2.400000000000000000e+01,4.071935542400000330e+00,8.365179830205374811e-01
5.330000000000000000e+02,4.080924362600000244e+00,8.894986314920190207e-01
6.240000000000000000e+02,4.089913182800000158e+00,9.073729743856602248e-01
4.140000000000000000e+02,4.098902003000000072e+00,8.798622132832046860e-01
2.420000000000000000e+02,4.107890823099999977e+00,9.886228194166245542e-01
4.410000000000000000e+02,4.116879643299999891e+00,1.020243161852059544e+00
6.250000000000000000e+02,4.125868463499999805e+00,9.765836005085054561e-01
1.200000000000000000e+02,4.134857283699999719e+00,9.704819093135708119e-01
3.890000000000000000e+02,4.143846103899999633e+00,1.039432495869693884e+00
8.300000000000000000e+01,4.152834924100000435e+00,1.017874270454940167e+00
5.010000000000000000e+02,4.161823744200000341e+00,9.135384170598470632e-01
6.690000000000000000e+02,4.170812564400000255e+00,1.082918554947677192e+00
6.310000000000000000e+02,4.179801384600000169e+00,9.753349650213665178e-01
1.890000000000000000e+02,4.188790204800000083e+00,1.015690703919462923e+00
3.930000000000000000e+02,4.197779024999999997e+00,1.039958745221890801e+00
5.730000000000000000e+02,4.206767845199999911e+00,9.857065287505551998e-01
5.990000000000000000e+02,4.215756665299999817e+00,9.721839031722889768e-01
2.100000000000000000e+02,4.224745485499999731e+00,9.902631071760307213e-01
3.650000000000000000e+02,4.233734305699999645e+00,9.211969344009812710e-01
2.060000000000000000e+02,4.242723125899999559e+00,1.076449172132750043e+00
3.550000000000000000e+02,4.251711946100000361e+00,9.483527575984822544e-01
5.530000000000000000e+02,4.260700766200000267e+00,1.023153566598524966e+00
1.270000000000000000e+02,4.269689586400000181e+00,9.443812516611443941e-01
5.820000000000000000e+02,4.278678406600000095e+00,9.819941316866518388e-01
4.000000000000000000e+02,4.287667226800000009e+00,9.331643400826148405e-01
1.620000000000000000e+02,4.296656046999999923e+00,1.011010443142084991e+00
5.230000000000000000e+02,4.305644867200000725e+00,9.999595265662765131e-01
8.700000000000000000e+01,4.314633687300000631e+00,8.017081078612848799e-01
1.430000000000000000e+02,4.323622507499999656e+00,9.359251062490193673e-01
3.400000000000000000e+02,4.332611327699999570e+00,8.416322266572132671e-01
5.750000000000000000e+02,4.341600147900000373e+00,9.023101154320484207e-01
5.310000000000000000e+02,4.350588968100000287e+00,8.901316197901925076e-01
6.670000000000000000e+02,4.359577788200000192e+00,8.059271481857286368e-01
1.650000000000000000e+02,4.368566608400000106e+00,7.783583241644876916e-01
1.130000000000000000e+02,4.377555428600000020e+00,8.110694269505690501e-01
4.170000000000000000e+02,4.386544248799999934e+00,8.562384798010456155e-01
4.030000000000000000e+02,4.395533068999999848e+00,7.494979171959349484e-01
1.240000000000000000e+02,4.404521889199999762e+00,8.239489209297333749e-01
7.500000000000000000e+01,4.413510709299999668e+00,8.340842100012060278e-01
2.110000000000000000e+02,4.422499529499999582e+00,6.843034766448345962e-01
5.290000000000000000e+02,4.431488349700000384e+00,7.628738036710894788e-01
2.980000000000000000e+02,4.440477169900000298e+00,8.170446785890400632e-01
5.950000000000000000e+02,4.449465990100000212e+00,7.353264223570668001e-01
1.420000000000000000e+02,4.458454810200000118e+00,7.832858387391615773e-01
5.890000000000000000e+02,4.467443630400000032e+00,6.199063710454351117e-01
1.940000000000000000e+02,4.476432450599999946e+00,6.372779829299898280e-01
1.000000000000000000e+02,4.485421270799999860e+00,6.123417566159344849e-01
1.300000000000000000e+02,4.494410091000000662e+00,5.471976354804028997e-01
3.580000000000000000e+02,4.503398911199999688e+00,5.779682147687780214e-01
6.590000000000000000e+02,4.512387731299999594e+00,6.698838678706099392e-01
2.030000000000000000e+02,4.521376551499999508e+00,5.295342570945967831e-01
2.820000000000000000e+02,4.530365371700000310e+00,4.863905114397921725e-01
5.260000000000000000e+02,4.539354191900000224e+00,5.675427286781555836e-01
1.030000000000000000e+02,4.548343012100000138e+00,4.829342731171182845e-01
4.800000000000000000e+02,4.557331832200000044e+00,4.756823773887712825e-01
3.680000000000000000e+02,4.566320652399999958e+00,4.123679875741031453e-01
5.400000000000000000e+01,4.575309472599999872e+00,3.099822924629695997e-01
3.200000000000000000e+01,4.584298292799999786e+00,3.823227243514175089e-01
5.340000000000000000e+02,4.593287112999999700e+00,3.567873164039111478e-01
3.370000000000000000e+02,4.602275933199999614e+00,3.616186337621655755e-01
5.870000000000000000e+02,4.611264753299999519e+00,2.188295699083571688e-01
5.490000000000000000e+02,4.620253573500000321e+00,3.330885238185729014e-01
5.380000000000000000e+02,4.629242393700000235e+00,2.332656337740256214e-01
4.900000000000000000e+02,4.638231213900000149e+00,2.723362976872903962e-01
5.960000000000000000e+02,4.647220034100000063e+00,2.299242078500989273e-01
6.780000000000000000e+02,4.656208854199999969e+00,2.011581680986097853e-01
2.480000000000000000e+02,4.665197674399999883e+00,2.912163358077095587e-01
3.400000000000000000e+01,4.674186494599999797e+00,3.282433595335261522e-02
5.300000000000000000e+01,4.683175314800000599e+00,1.099783044545636357e-01
5.720000000000000000e+02,4.692164134999999625e+00,7.153084785295840686e-02
6.820000000000000000e+02,4.701152955199999539e+00,-6.551117643447018635e-02
3.510000000000000000e+02,4.710141775299999445e+00,6.036523250369702637e-03
4.550000000000000000e+02,4.719130595500000247e+00,-1.702796752313575496e-02
6.490000000000000000e+02,4.728119415700000161e+00,-1.872967738782183728e-02
6.640000000000000000e+02,4.737108235900000075e+00,-8.851468909999726797e-02
4.700000000000000000e+02,4.746097056099999989e+00,-8.091528874111779401e-02
8.800000000000000000e+01,4.755085876199999895e+00,-1.388088861702209686e-01
3.780000000000000000e+02,4.764074696399999809e+00,-2.179315527082780757e-01
5.000000000000000000e+02,4.773063516600000611e+00,-2.232908855099241252e-01
3.390000000000000000e+02,4.782052336799999637e+00,-1.848105497122566332e-01
2.710000000000000000e+02,4.791041156999999551e+00,-2.846928559291892480e-01
6.810000000000000000e+02,4.800029977200000353e+00,-2.553928775332273138e-01
2.230000000000000000e+02,4.809018797300000259e+00,-2.641653089879922311e-01
9.300000000000000000e+01,4.818007617500000173e+00,-3.466879682369162774e-01
5.780000000000000000e+02,4.826996437700000087e+00,-2.116755321334297946e-01
6.890000000000000000e+02,4.835985257900000001e+00,-3.586834513244086531e-01
2.300000000000000000e+01,4.844974078099999915e+00,-3.893785878883199159e-01
5.850000000000000000e+02,4.853962898299999829e+00,-3.603774889043983021e-01
2.330000000000000000e+02,4.862951718399999734e+00,-4.751437989223635805e-01
4.820000000000000000e+02,4.871940538600000536e+00,-4.757221716174264148e-01
5.620000000000000000e+02,4.880929358799999562e+00,-3.946243885486580005e-01
5.180000000000000000e+02,4.889918178999999476e+00,-5.091714680204846299e-01
6.720000000000000000e+02,4.898906999200000278e+00,-5.609874479602275921e-01
5.370000000000000000e+02,4.907895819300000184e+00,-5.892426697178251294e-01
3.120000000000000000e+02,4.916884639500000098e+00,-6.540189366756284928e-01
4.710000000000000000e+02,4.925873459700000012e+00,-6.030170474786483714e-01
4.780000000000000000e+02,4.934862279899999926e+00,-5.798581796593760274e-01
1.750000000000000000e+02,4.943851100099999840e+00,-6.424076581837655509e-01
3.300000000000000000e+02,4.952839920299999754e+00,-6.658222752744487050e-01
1.700000000000000000e+01,4.961828740400000548e+00,-6.436115588396245091e-01
5.220000000000000000e+02,4.970817560600000462e+00,-7.632262227096030527e-01
4.360000000000000000e+02,4.979806380799999488e+00,-7.231477333804963159e-01
4.560000000000000000e+02,4.988795201000000290e+00,-7.655747490399402722e-01
6.900000000000000000e+01,4.997784021200000204e+00,-7.421570409530411361e-01
2.220000000000000000e+02,5.006772841300000110e+00,-8.150059047121854805e-01
4.600000000000000000e+01,5.015761661500000024e+00,-7.567947708627535963e-01
4.070000000000000000e+02,5.024750481699999938e+00,-8.005383657084298443e-01
2.960000000000000000e+02,5.033739301899999852e+00,-8.125483230664518608e-01
4.270000000000000000e+02,5.042728122099999766e+00,-7.927343426010621252e-01
4.050000000000000000e+02,5.051716942300000568e+00,-7.906361789553923991e-01
4.440000000000000000e+02,5.060705762400000474e+00,-9.527610892704805323e-01
6.880000000000000000e+02,5.069694582599999499e+00,-9.597762711431796490e-01
5.830000000000000000e+02,5.078683402799999413e+00,-9.287632541528024754e-01
4.320000000000000000e+02,5.087672223000000216e+00,-9.065752003322176122e-01
4.580000000000000000e+02,5.096661043200000130e+00,-9.625773764102899532e-01
2.160000000000000000e+02,5.105649863300000035e+00,-9.371423240798368859e-01
5.570000000000000000e+02,5.114638683499999949e+00,-9.523617638934972485e-01
1.180000000000000000e+02,5.123627503699999863e+00,-9.772110243060463386e-01
6.260000000000000000e+02,5.132616323899999777e+00,-1.031133160491074952e+00
2.860000000000000000e+02,5.141605144100000579e+00,-1.032977092150704213e+00
9.000000000000000000e+00,5.150593964300000493e+00,-1.003784221495190421e+00
5.000000000000000000e+01,5.159582784400000399e+00,-1.025049530983377810e+00
1.010000000000000000e+02,5.168571604599999425e+00,-8.842102535012545950e-01
4.200000000000000000e+02,5.177560424800000227e+00,-1.066073938770393026e+00
6.790000000000000000e+02,5.186549245000000141e+00,-1.020720115102533798e+00
5.140000000000000000e+02,5.195538065200000055e+00,-1.013756734093658629e+00
5.660000000000000000e+02,5.204526885299999961e+00,-1.019548088938097008e+00
1.660000000000000000e+02,5.213515705499999875e+00,-1.039792861209205332e+00
6.960000000000000000e+02,5.222504525699999789e+00,-1.043871576125072753e+00
3.900000000000000000e+02,5.231493345899999703e+00,-9.986665848258373668e-01
3.610000000000000000e+02,5.240482166100000505e+00,-9.872629400608705641e-01
2.290000000000000000e+02,5.249470986299999531e+00,-1.012797752868449752e+00
4.000000000000000000e+01,5.258459806399999437e+00,-9.476206246439673464e-01
2.940000000000000000e+02,5.267448626600000239e+00,-9.900045261903327454e-01
2.040000000000000000e+02,5.276437446800000153e+00,-9.899848222293747835e-01
1.390000000000000000e+02,5.285426267000000067e+00,-9.214904932256335890e-01
2.560000000000000000e+02,5.294415087199999981e+00,-9.533695092890077660e-01
4.400000000000000000e+02,5.303403907299999887e+00,-1.020762703896417545e+00
4.200000000000000000e+01,5.312392727499999801e+00,-9.534900486866172420e-01
6.280000000000000000e+02,5.321381547699999714e+00,-9.142362836974624596e-01
7.000000000000000000e+02,5.330370367900000517e+00,-9.500019860999066035e-01
4.150000000000000000e+02,5.339359188100000431e+00,-9.309298351032083696e-01
4.650000000000000000e+02,5.348348008299999456e+00,-1.003735449951133063e+00
6.140000000000000000e+02,5.357336828399999362e+00,-8.470727524639924955e-01
2.070000000000000000e+02,5.366325648600000164e+00,-7.953517450985853054e-01
4.690000000000000000e+02,5.375314468800000078e+00,-8.744261134280340020e-01
4.600000000000000000e+02,5.384303288999999992e+00,-8.302209245779119673e-01
2.360000000000000000e+02,5.393292109199999906e+00,-8.549639725311791727e-01
3.000000000000000000e+01,5.402280929299999812e+00,-7.039720320546865029e-01
2.650000000000000000e+02,5.411269749500000614e+00,-8.544440807390896175e-01
6.840000000000000000e+02,5.420258569700000528e+00,-6.856495556347843578e-01
3.970000000000000000e+02,5.429247389900000442e+00,-8.008810716597359880e-01
2.260000000000000000e+02,5.438236210099999468e+00,-7.040904035780646275e-01
5.020000000000000000e+02,5.447225030299999382e+00,-6.764024839269079381e-01
6.710000000000000000e+02,5.456213850399999288e+00,-6.831225467950217123e-01
3.710000000000000000e+02,5.465202670599999202e+00,-5.534736479912746310e-01
3.540000000000000000e+02,5.474191490800000004e+00,-6.168906613342554079e-01
6.560000000000000000e+02,5.483180310999999918e+00,-6.676112413385110189e-01
4.640000000000000000e+02,5.492169131199999832e+00,-5.333966705008340581e-01
5.740000000000000000e+02,5.501157951399999746e+00,-5.596773672986522508e-01
2.490000000000000000e+02,5.510146771499999652e+00,-4.947020673168758265e-01
5.510000000000000000e+02,5.519135591699999566e+00,-4.749407550863640748e-01
5.440000000000000000e+02,5.528124411900000368e+00,-4.023183034132413183e-01
2.350000000000000000e+02,5.537113232100000282e+00,-3.667102992154970265e-01
8.200000000000000000e+01,5.546102052300000196e+00,-2.935501502766151849e-01
5.970000000000000000e+02,5.555090872400000102e+00,-3.212740266711508474e-01
2.600000000000000000e+01,5.564079692600000016e+00,-2.226601025900198372e-01
3.000000000000000000e+00,5.573068512799999930e+00,-3.098206314975572306e-01
8.500000000000000000e+01,5.582057332999999844e+00,-1.452507078684782127e-01
1.200000000000000000e+01,5.591046153200000646e+00,-1.427298666124842685e-01
1.510000000000000000e+02,5.600034973400000560e+00,-2.072924486759405993e-01
1.900000000000000000e+01,5.609023793500000465e+00,-6.492646385213976523e-03
4.280000000000000000e+02,5.618012613700000379e+00,-3.689097826325550555e-02
5.060000000000000000e+02,5.627001433900000293e+00,-3.296615559007554097e-02
2.090000000000000000e+02,5.635990254099999319e+00,5.477228551129637718e-02
5.350000000000000000e+02,5.644979074299999233e+00,1.273676378362541550e-01
3.910000000000000000e+02,5.653967894400000915e+00,6.734618079086401865e-02
6.030000000000000000e+02,5.662956714599999941e+00,6.970854871066797798e-02
6.500000000000000000e+01,5.671945534799999855e+00,8.241783308664674124e-02
5.930000000000000000e+02,5.680934354999999769e+00,1.883649164665069375e-01
2.730000000000000000e+02,5.689923175199999683e+00,1.667059857063503125e-01
5.270000000000000000e+02,5.698911995399999597e+00,2.813131490123086387e-01
6.320000000000000000e+02,5.707900815499999503e+00,2.970257338851579054e-01
1.500000000000000000e+02,5.716889635700000305e+00,2.478425180083149715e-01
1.770000000000000000e+02,5.725878455900000219e+00,3.701603621495453966e-01
3.240000000000000000e+02,5.734867276100000133e+00,4.614398521687933519e-01
7.300000000000000000e+01,5.743856096300000047e+00,4.539957101111140592e-01
3.360000000000000000e+02,5.752844916399999953e+00,4.354467198807023820e-01
6.740000000000000000e+02,5.761833736599999867e+00,4.921782114829920673e-01
5.450000000000000000e+02,5.770822556799999781e+00,6.332312257110718212e-01
1.850000000000000000e+02,5.779811377000000583e+00,5.775008786329369759e-01
2.790000000000000000e+02,5.788800197200000497e+00,5.878495554942870793e-01
3.130000000000000000e+02,5.797789017400000411e+00,6.119839773817729034e-01
4.470000000000000000e+02,5.806777837500000317e+00,6.057567898998136302e-01
1.000000000000000000e+00,5.815766657700000231e+00,7.165857053583587488e-01
1.190000000000000000e+02,5.824755477899999256e+00,8.084903763314919001e-01
4.730000000000000000e+02,5.833744298099999170e+00,7.085696717842239201e-01
6.040000000000000000e+02,5.842733118300000861e+00,8.248216948833111406e-01
5.110000000000000000e+02,5.851721938400000766e+00,8.168371917459654741e-01
2.320000000000000000e+02,5.860710758599999792e+00,8.638318772072732799e-01
2.900000000000000000e+01,5.869699578799999706e+00,9.803329346500744279e-01
1.900000000000000000e+02,5.878688398999999620e+00,9.500321671818369174e-01
2.920000000000000000e+02,5.887677219199999534e+00,8.836202025378421254e-01
5.540000000000000000e+02,5.896666039400000336e+00,9.085767633287937795e-01
8.600000000000000000e+01,5.905654859500000242e+00,9.426306026180906183e-01
6.420000000000000000e+02,5.914643679700000156e+00,9.762813891441840530e-01
5.200000000000000000e+01,5.923632499900000070e+00,9.380808668660493010e-01
1.530000000000000000e+02,5.932621320099999984e+00,9.410590638802385222e-01
5.640000000000000000e+02,5.941610140299999898e+00,9.952101343643382503e-01
6.020000000000000000e+02,5.950598960399999804e+00,1.025327453034801772e+00
4.630000000000000000e+02,5.959587780599999718e+00,1.009518679496392624e+00
4.810000000000000000e+02,5.968576600800000520e+00,9.510689774675724628e-01
2.430000000000000000e+02,5.977565421000000434e+00,9.500459144889994434e-01
2.900000000000000000e+02,5.986554241200000348e+00,9.420439949347555464e-01
5.200000000000000000e+02,5.995543061400000262e+00,1.013285861069080918e+00
2.270000000000000000e+02,6.004531881500000168e+00,1.002451250156092044e+00
4.300000000000000000e+01,6.013520701699999194e+00,1.037665613457100955e+00
5.390000000000000000e+02,6.022509521900000884e+00,9.779227241707673102e-01
4.130000000000000000e+02,6.031498342100000798e+00,9.832358839106141168e-01
3.000000000000000000e+02,6.040487162299999824e+00,8.532827980715712579e-01
7.000000000000000000e+00,6.049475982399999729e+00,8.614798164950665527e-01
4.940000000000000000e+02,6.058464802599999643e+00,8.872065243497417875e-01
6.910000000000000000e+02,6.067453622799999557e+00,8.344619214695517817e-01
3.640000000000000000e+02,6.076442442999999471e+00,8.218580280764320456e-01
5.520000000000000000e+02,6.085431263200000274e+00,8.886515985664135142e-01
3.950000000000000000e+02,6.094420083400000188e+00,7.735695688832536776e-01
1.120000000000000000e+02,6.103408903500000093e+00,7.814309605057276897e-01
2.540000000000000000e+02,6.112397723700000007e+00,7.595880604292277738e-01
6.620000000000000000e+02,6.121386543899999921e+00,7.039110202051563903e-01
2.690000000000000000e+02,6.130375364099999835e+00,6.698308055622226309e-01
4.230000000000000000e+02,6.139364184299999749e+00,6.198532237112902576e-01
1.070000000000000000e+02,6.148353004500000552e+00,6.428103168113201704e-01
2.520000000000000000e+02,6.157341824600000457e+00,6.300337974114363915e-01
4.250000000000000000e+02,6.166330644800000371e+00,4.456605328370243924e-01
6.100000000000000000e+02,6.175319465000000285e+00,4.268853707369767436e-01
1.600000000000000000e+01,6.184308285200000199e+00,5.910675071282729398e-01
3.470000000000000000e+02,6.193297105399999225e+00,4.125435473919866203e-01
8.100000000000000000e+01,6.202285925499999131e+00,3.255006758676140532e-01
4.760000000000000000e+02,6.211274745700000821e+00,2.884913772538259535e-01
6.200000000000000000e+02,6.220263565900000735e+00,1.985619575930955560e-01
5.980000000000000000e+02,6.229252386099999761e+00,2.801485742423295289e-01
2.020000000000000000e+02,6.238241206299999675e+00,1.808240094712899870e-02
4.610000000000000000e+02,6.247230026499999589e+00,1.186029708643940167e-01
9.200000000000000000e+01,6.256218846599999495e+00,7.567495179795026561e-03
3.720000000000000000e+02,6.265207666799999409e+00,-7.523215815644854199e-02
4.100000000000000000e+02,6.274196487000000211e+00,-1.211415802394946173e-01
2.190000000000000000e+02,6.283185307200000125e+00,-1.535721398218746203e-01
